5.440000000000000000e+09 -9.156168896000000501e+00
5.440080000000000000e+09 -9.163742973999999819e+00
5.440160000000000000e+09 -9.166278853999999754e+00
5.440240000000000000e+09 -9.167518310000000170e+00
5.440320000000000000e+09 -9.169420877000000303e+00
5.440400000000000000e+09 -9.165456454999999281e+00
5.440480000000000000e+09 -9.168886360000000124e+00
5.440560000000000000e+09 -9.170632688999999615e+00
5.440640000000000000e+09 -9.170962571000000452e+00
5.440720000000000000e+09 -9.170250975000000082e+00
5.440800000000000000e+09 -9.170735584999999190e+00
5.440880000000000000e+09 -9.171443191999999911e+00
5.440960000000000000e+09 -9.171526835999999960e+00
5.441040000000000000e+09 -9.169246804000000139e+00
5.441120000000000000e+09 -9.170055344999999747e+00
5.441200000000000000e+09 -9.172514149999999589e+00
5.441280000000000000e+09 -9.170661494000000857e+00
5.441360000000000000e+09 -9.175859683000000544e+00
5.441440000000000000e+09 -9.171351166000000887e+00
5.441520000000000000e+09 -9.173095456000000425e+00
5.441600000000000000e+09 -9.175920297999999420e+00
5.441680000000000000e+09 -9.172897934999999947e+00
5.441760000000000000e+09 -9.173927254000000531e+00
5.441840000000000000e+09 -9.174820258000000450e+00
5.441920000000000000e+09 -9.178681601999999273e+00
5.442000000000000000e+09 -9.175421255999999914e+00
5.442080000000000000e+09 -9.173050134000000355e+00
5.442160000000000000e+09 -9.172660365000000482e+00
5.442240000000000000e+09 -9.178094795999999889e+00
5.442320000000000000e+09 -9.175740731999999511e+00
5.442400000000000000e+09 -9.177546887000000098e+00
5.442480000000000000e+09 -9.174793307999999925e+00
5.442560000000000000e+09 -9.178109819999999530e+00
5.442640000000000000e+09 -9.179126452000000214e+00
5.442720000000000000e+09 -9.176434552999999994e+00
5.442800000000000000e+09 -9.179109827999999638e+00
5.442880000000000000e+09 -9.180010680000000534e+00
5.442960000000000000e+09 -9.181609421999999299e+00
5.443040000000000000e+09 -9.179950170999999770e+00
5.443120000000000000e+09 -9.181764539999999641e+00
5.443200000000000000e+09 -9.180571835000000291e+00
5.443280000000000000e+09 -9.181786090999999317e+00
5.443360000000000000e+09 -9.182625857999999752e+00
5.443440000000000000e+09 -9.187008853000000030e+00
5.443520000000000000e+09 -9.182861701000000210e+00
5.443600000000000000e+09 -9.185209175000000670e+00
5.443680000000000000e+09 -9.185009180999999856e+00
5.443760000000000000e+09 -9.181329144999999414e+00
5.443840000000000000e+09 -9.184138668999999311e+00
5.443920000000000000e+09 -9.184510439000000304e+00
5.444000000000000000e+09 -9.187915800000000743e+00
5.444080000000000000e+09 -9.188870623999999765e+00
5.444160000000000000e+09 -9.188142978000000127e+00
5.444240000000000000e+09 -9.186798745000000821e+00
5.444320000000000000e+09 -9.186075905999999236e+00
5.444400000000000000e+09 -9.185203215999999671e+00
5.444480000000000000e+09 -9.189584710000000101e+00
5.444560000000000000e+09 -9.186892904000000470e+00
5.444640000000000000e+09 -9.190805193999999290e+00
5.444720000000000000e+09 -9.189456240000000165e+00
5.444800000000000000e+09 -9.191704341999999528e+00
5.444880000000000000e+09 -9.187836801999999636e+00
5.444960000000000000e+09 -9.188759571000000292e+00
5.445040000000000000e+09 -9.189247577999999805e+00
5.445120000000000000e+09 -9.192362979000000323e+00
5.445200000000000000e+09 -9.193519788999999776e+00
5.445280000000000000e+09 -9.193506709999999416e+00
5.445360000000000000e+09 -9.193201419999999402e+00
5.445440000000000000e+09 -9.191024968000000683e+00
5.445520000000000000e+09 -9.193814326000000037e+00
5.445600000000000000e+09 -9.194578123999999519e+00
5.445680000000000000e+09 -9.196636643999999805e+00
5.445760000000000000e+09 -9.200582226999999946e+00
5.445840000000000000e+09 -9.199695453000000356e+00
5.445920000000000000e+09 -9.202131266000000309e+00
5.446000000000000000e+09 -9.204584340000000253e+00
5.446080000000000000e+09 -9.206050819999999746e+00
5.446160000000000000e+09 -9.201965274000000861e+00
5.446240000000000000e+09 -9.201531315000000433e+00
5.446320000000000000e+09 -9.206623525999999558e+00
5.446400000000000000e+09 -9.202351094999999148e+00
5.446480000000000000e+09 -9.201056243000000023e+00
5.446560000000000000e+09 -9.201311185999999864e+00
5.446640000000000000e+09 -9.204079177000000556e+00
5.446720000000000000e+09 -9.212076480000000345e+00
5.446800000000000000e+09 -9.206188719000000020e+00
5.446880000000000000e+09 -9.210229726999999755e+00
5.446960000000000000e+09 -9.212989993000000766e+00
5.447040000000000000e+09 -9.214336364999999418e+00
5.447120000000000000e+09 -9.211641811999999874e+00
5.447200000000000000e+09 -9.213148293999999794e+00
5.447280000000000000e+09 -9.214339719999999900e+00
5.447360000000000000e+09 -9.215490005999999568e+00
5.447440000000000000e+09 -9.214451435999999163e+00
5.447520000000000000e+09 -9.214883709000000422e+00
5.447600000000000000e+09 -9.218260049999999595e+00
5.447680000000000000e+09 -9.219273650999999958e+00
5.447760000000000000e+09 -9.219046894999999964e+00
5.447840000000000000e+09 -9.218769899999999851e+00
5.447920000000000000e+09 -9.221124852000000871e+00
5.448000000000000000e+09 -9.222855400000000259e+00
5.448080000000000000e+09 -9.224318000000000239e+00
5.448160000000000000e+09 -9.224224960999999112e+00
5.448240000000000000e+09 -9.225563638000000566e+00
5.448320000000000000e+09 -9.229359606999999244e+00
5.448400000000000000e+09 -9.229856692000000251e+00
5.448480000000000000e+09 -9.230610495000000526e+00
5.448560000000000000e+09 -9.229981312999999687e+00
5.448640000000000000e+09 -9.230551810999999773e+00
5.448720000000000000e+09 -9.231678018000000208e+00
5.448800000000000000e+09 -9.233972254999999407e+00
5.448880000000000000e+09 -9.234391849999999735e+00
5.448960000000000000e+09 -9.236760521000000779e+00
5.449040000000000000e+09 -9.234884992999999653e+00
5.449120000000000000e+09 -9.239204456999999593e+00
5.449200000000000000e+09 -9.241089247999999756e+00
5.449280000000000000e+09 -9.239809628999999802e+00
5.449360000000000000e+09 -9.238395936999999947e+00
5.449440000000000000e+09 -9.239052042000000853e+00
5.449520000000000000e+09 -9.241884607999999446e+00
5.449600000000000000e+09 -9.244800124999999369e+00
5.449680000000000000e+09 -9.243689799000000207e+00
5.449760000000000000e+09 -9.247736804000000532e+00
5.449840000000000000e+09 -9.246397781000000649e+00
5.449920000000000000e+09 -9.249676223999999891e+00
5.450000000000000000e+09 -9.250833628000000530e+00
5.450080000000000000e+09 -9.251777949999999251e+00
5.450160000000000000e+09 -9.252107004000000856e+00
5.450240000000000000e+09 -9.258541607999999812e+00
5.450320000000000000e+09 -9.252465676999999999e+00
5.450400000000000000e+09 -9.254905606999999534e+00
5.450480000000000000e+09 -9.255312744999999452e+00
5.450560000000000000e+09 -9.258640875999999409e+00
5.450640000000000000e+09 -9.261529332000000281e+00
5.450720000000000000e+09 -9.261171061000000648e+00
5.450800000000000000e+09 -9.261750801999999894e+00
5.450880000000000000e+09 -9.264466600000000440e+00
5.450960000000000000e+09 -9.264607267000000590e+00
5.451040000000000000e+09 -9.267841728000000501e+00
5.451120000000000000e+09 -9.267697577999999936e+00
5.451200000000000000e+09 -9.268901565000000176e+00
5.451280000000000000e+09 -9.268738470000000618e+00
5.451360000000000000e+09 -9.271422705000000875e+00
5.451440000000000000e+09 -9.273280084999999673e+00
5.451520000000000000e+09 -9.272179383999999303e+00
5.451600000000000000e+09 -9.274810508999999925e+00
5.451680000000000000e+09 -9.276535085000000791e+00
5.451760000000000000e+09 -9.278562134999999600e+00
5.451840000000000000e+09 -9.277641858000000852e+00
5.451920000000000000e+09 -9.280213712000000115e+00
5.452000000000000000e+09 -9.281673194999999765e+00
5.452080000000000000e+09 -9.282549876999999228e+00
5.452160000000000000e+09 -9.283610490999999243e+00
5.452240000000000000e+09 -9.282890039999999843e+00
5.452320000000000000e+09 -9.287980594000000423e+00
5.452400000000000000e+09 -9.285209399999999391e+00
5.452480000000000000e+09 -9.289938447999999127e+00
5.452560000000000000e+09 -9.291698183999999472e+00
5.452640000000000000e+09 -9.293486821000000120e+00
5.452720000000000000e+09 -9.293392228000000088e+00
5.452800000000000000e+09 -9.294960548000000600e+00
5.452880000000000000e+09 -9.295332684999999984e+00
5.452960000000000000e+09 -9.297836067000000426e+00
5.453040000000000000e+09 -9.300942815999999169e+00
5.453120000000000000e+09 -9.299348934999999372e+00
5.453200000000000000e+09 -9.303846266000000753e+00
5.453280000000000000e+09 -9.301375204999999369e+00
5.453360000000000000e+09 -9.305212281999999391e+00
5.453440000000000000e+09 -9.307833112999999159e+00
5.453520000000000000e+09 -9.310463893999999740e+00
5.453600000000000000e+09 -9.311792393999999362e+00
5.453680000000000000e+09 -9.312273353000000142e+00
5.453760000000000000e+09 -9.313334813999999184e+00
5.453840000000000000e+09 -9.314189112999999409e+00
5.453920000000000000e+09 -9.316802464000000228e+00
5.454000000000000000e+09 -9.316865707999999913e+00
5.454080000000000000e+09 -9.317847328999999235e+00
5.454160000000000000e+09 -9.320247497000000436e+00
5.454240000000000000e+09 -9.322792782000000500e+00
5.454320000000000000e+09 -9.320668507000000602e+00
5.454400000000000000e+09 -9.322166547000000136e+00
5.454480000000000000e+09 -9.324325209999999586e+00
5.454560000000000000e+09 -9.328223449999999417e+00
5.454640000000000000e+09 -9.330650945000000362e+00
5.454720000000000000e+09 -9.329123721000000202e+00
5.454800000000000000e+09 -9.332179118999999190e+00
5.454880000000000000e+09 -9.335526807000000815e+00
5.454960000000000000e+09 -9.335449923000000538e+00
5.455040000000000000e+09 -9.337969835999999191e+00
5.455120000000000000e+09 -9.337580070999999649e+00
5.455200000000000000e+09 -9.341231223999999500e+00
5.455280000000000000e+09 -9.343078997999999302e+00
5.455360000000000000e+09 -9.343904720999999469e+00
5.455440000000000000e+09 -9.344776422000000693e+00
5.455520000000000000e+09 -9.345487771000000166e+00
5.455600000000000000e+09 -9.350002936999999292e+00
5.455680000000000000e+09 -9.350234598000000119e+00
5.455760000000000000e+09 -9.355603843999999114e+00
5.455840000000000000e+09 -9.356217960000000389e+00
5.455920000000000000e+09 -9.356677558999999533e+00
5.456000000000000000e+09 -9.356963936999999731e+00
5.456080000000000000e+09 -9.361300752000000003e+00
5.456160000000000000e+09 -9.362445285999999811e+00
5.456240000000000000e+09 -9.359557542999999313e+00
5.456320000000000000e+09 -9.364393767999999341e+00
5.456400000000000000e+09 -9.365343528000000362e+00
5.456480000000000000e+09 -9.369438802999999538e+00
5.456560000000000000e+09 -9.374889430999999718e+00
5.456640000000000000e+09 -9.374412550000000621e+00
5.456720000000000000e+09 -9.373386189999999729e+00
5.456800000000000000e+09 -9.376159194999999613e+00
5.456880000000000000e+09 -9.378007231999999860e+00
5.456960000000000000e+09 -9.378445011000000164e+00
5.457040000000000000e+09 -9.382407932999999645e+00
5.457120000000000000e+09 -9.382386650999999134e+00
5.457200000000000000e+09 -9.385583881000000517e+00
5.457280000000000000e+09 -9.385646618000000885e+00
5.457360000000000000e+09 -9.388483960000000295e+00
5.457440000000000000e+09 -9.390040016000000378e+00
5.457520000000000000e+09 -9.390929747999999577e+00
5.457600000000000000e+09 -9.393002684000000713e+00
5.457680000000000000e+09 -9.394002691000000738e+00
5.457760000000000000e+09 -9.396422805000000267e+00
5.457840000000000000e+09 -9.398868016999999853e+00
5.457920000000000000e+09 -9.402554989000000418e+00
5.458000000000000000e+09 -9.401924628999999811e+00
5.458080000000000000e+09 -9.404907305000000051e+00
5.458160000000000000e+09 -9.404738378999999426e+00
5.458240000000000000e+09 -9.404423250000000678e+00
5.458320000000000000e+09 -9.409063565000000295e+00
5.458400000000000000e+09 -9.409048737000000884e+00
5.458480000000000000e+09 -9.413007751000000312e+00
5.458560000000000000e+09 -9.416911439999999800e+00
5.458640000000000000e+09 -9.418710394999999735e+00
5.458720000000000000e+09 -9.423604701000000361e+00
5.458800000000000000e+09 -9.421888128000000862e+00
5.458880000000000000e+09 -9.424460255999999703e+00
5.458960000000000000e+09 -9.427379659999999717e+00
5.459040000000000000e+09 -9.427582765000000364e+00
5.459120000000000000e+09 -9.426934307999999874e+00
5.459200000000000000e+09 -9.429805003000000241e+00
5.459280000000000000e+09 -9.432577863000000562e+00
5.459360000000000000e+09 -9.434470144000000502e+00
5.459440000000000000e+09 -9.437783560999999821e+00
5.459520000000000000e+09 -9.440079235000000679e+00
5.459600000000000000e+09 -9.440474003000000280e+00
5.459680000000000000e+09 -9.442135174000000575e+00
5.459760000000000000e+09 -9.441239644999999570e+00
5.459840000000000000e+09 -9.447426361999999855e+00
5.459920000000000000e+09 -9.448784416000000519e+00
5.460000000000000000e+09 -9.451280022000000614e+00
5.460080000000000000e+09 -9.454217986999999823e+00
5.460160000000000000e+09 -9.456275311000000627e+00
5.460240000000000000e+09 -9.460769993999999627e+00
5.460320000000000000e+09 -9.460748669000000888e+00
5.460400000000000000e+09 -9.461292695999999225e+00
5.460480000000000000e+09 -9.462757012999999162e+00
5.460560000000000000e+09 -9.470307904000000221e+00
5.460640000000000000e+09 -9.466542528999999817e+00
5.460720000000000000e+09 -9.472303909000000743e+00
5.460800000000000000e+09 -9.471634864000000320e+00
5.460880000000000000e+09 -9.473200336999999749e+00
5.460960000000000000e+09 -9.476480077999999807e+00
5.461040000000000000e+09 -9.480791216000000077e+00
5.461120000000000000e+09 -9.480646569999999329e+00
5.461200000000000000e+09 -9.484021613999999545e+00
5.461280000000000000e+09 -9.486485208999999585e+00
5.461360000000000000e+09 -9.490531538000000822e+00
5.461440000000000000e+09 -9.493502144000000698e+00
5.461520000000000000e+09 -9.495464715000000666e+00
5.461600000000000000e+09 -9.496259429000000196e+00
5.461680000000000000e+09 -9.497760004999999950e+00
5.461760000000000000e+09 -9.499883227999999846e+00
5.461840000000000000e+09 -9.502348296999999278e+00
5.461920000000000000e+09 -9.505911870000000263e+00
5.462000000000000000e+09 -9.507452262999999348e+00
5.462080000000000000e+09 -9.512308853000000397e+00
5.462160000000000000e+09 -9.517472603999999947e+00
5.462240000000000000e+09 -9.518392349000000863e+00
5.462320000000000000e+09 -9.521513831000000039e+00
5.462400000000000000e+09 -9.524039924000000212e+00
5.462480000000000000e+09 -9.523777059000000378e+00
5.462560000000000000e+09 -9.528025704999999235e+00
5.462640000000000000e+09 -9.528923422000000087e+00
5.462720000000000000e+09 -9.532414224000000047e+00
5.462800000000000000e+09 -9.535390856999999443e+00
5.462880000000000000e+09 -9.536853170000000546e+00
5.462960000000000000e+09 -9.542091572000000355e+00
5.463040000000000000e+09 -9.543072464999999838e+00
5.463120000000000000e+09 -9.547936076999999244e+00
5.463200000000000000e+09 -9.549068843000000584e+00
5.463280000000000000e+09 -9.551547593000000447e+00
5.463360000000000000e+09 -9.557843829999999485e+00
5.463440000000000000e+09 -9.559038334000000248e+00
5.463520000000000000e+09 -9.560057305999999144e+00
5.463600000000000000e+09 -9.566619040999999157e+00
5.463680000000000000e+09 -9.568679727999999329e+00
5.463760000000000000e+09 -9.568989708000000149e+00
5.463840000000000000e+09 -9.571682878000000727e+00
5.463920000000000000e+09 -9.577246649999999306e+00
5.464000000000000000e+09 -9.578796626999999120e+00
5.464080000000000000e+09 -9.585537996999999422e+00
5.464160000000000000e+09 -9.588919130000000735e+00
5.464240000000000000e+09 -9.590875861000000668e+00
5.464320000000000000e+09 -9.594699736000000811e+00
5.464400000000000000e+09 -9.594363880999999594e+00
5.464480000000000000e+09 -9.599600733000000830e+00
5.464560000000000000e+09 -9.602051746000000776e+00
5.464640000000000000e+09 -9.603010611000000196e+00
5.464720000000000000e+09 -9.611641810000000063e+00
5.464800000000000000e+09 -9.612871133000000512e+00
5.464880000000000000e+09 -9.615790686000000420e+00
5.464960000000000000e+09 -9.614801961999999591e+00
5.465040000000000000e+09 -9.621300747999999459e+00
5.465120000000000000e+09 -9.626601731999999245e+00
5.465200000000000000e+09 -9.631104018000000266e+00
5.465280000000000000e+09 -9.634117889000000545e+00
5.465360000000000000e+09 -9.639362408000000215e+00
5.465440000000000000e+09 -9.639824982000000375e+00
5.465520000000000000e+09 -9.646501623000000691e+00
5.465600000000000000e+09 -9.655583907000000465e+00
5.465680000000000000e+09 -9.649846930000000711e+00
5.465760000000000000e+09 -9.658478656999999856e+00
5.465840000000000000e+09 -9.659943989000000286e+00
5.465920000000000000e+09 -9.664075413999999142e+00
5.466000000000000000e+09 -9.669257675000000773e+00
5.466080000000000000e+09 -9.671316788000000386e+00
5.466160000000000000e+09 -9.678389183000000173e+00
5.466240000000000000e+09 -9.682630953000000318e+00
5.466320000000000000e+09 -9.685461595999999673e+00
5.466400000000000000e+09 -9.689220948999999194e+00
5.466480000000000000e+09 -9.695324027999999927e+00
5.466560000000000000e+09 -9.699660405999999568e+00
5.466640000000000000e+09 -9.701922884000000025e+00
5.466720000000000000e+09 -9.706969245999999885e+00
5.466800000000000000e+09 -9.709642398999999813e+00
5.466880000000000000e+09 -9.717988181000000836e+00
5.466960000000000000e+09 -9.718063679000000121e+00
5.467040000000000000e+09 -9.722270688000000050e+00
5.467120000000000000e+09 -9.730113584999999787e+00
5.467200000000000000e+09 -9.732751161999999567e+00
5.467280000000000000e+09 -9.735971937000000409e+00
5.467360000000000000e+09 -9.744235399000000797e+00
5.467440000000000000e+09 -9.748277144999999422e+00
5.467520000000000000e+09 -9.749577348000000754e+00
5.467600000000000000e+09 -9.757548532999999580e+00
5.467680000000000000e+09 -9.761352147000000201e+00
5.467760000000000000e+09 -9.764763306000000753e+00
5.467840000000000000e+09 -9.773646098000000393e+00
5.467920000000000000e+09 -9.778182504000000108e+00
5.468000000000000000e+09 -9.781795566999999636e+00
5.468080000000000000e+09 -9.791624407000000474e+00
5.468160000000000000e+09 -9.796528924000000416e+00
5.468240000000000000e+09 -9.796058877000000109e+00
5.468320000000000000e+09 -9.805923460000000702e+00
5.468400000000000000e+09 -9.810577281000000482e+00
5.468480000000000000e+09 -9.814951017000000277e+00
5.468560000000000000e+09 -9.824104552999999740e+00
5.468640000000000000e+09 -9.830027936000000466e+00
5.468720000000000000e+09 -9.831820523999999395e+00
5.468800000000000000e+09 -9.840632791999999185e+00
5.468880000000000000e+09 -9.846725723000000485e+00
5.468960000000000000e+09 -9.852789142000000666e+00
5.469040000000000000e+09 -9.858698644000000400e+00
5.469120000000000000e+09 -9.864607616000000689e+00
5.469200000000000000e+09 -9.871910789999999380e+00
5.469280000000000000e+09 -9.882068399999999642e+00
5.469360000000000000e+09 -9.889686624999999509e+00
5.469440000000000000e+09 -9.893151995000000198e+00
5.469520000000000000e+09 -9.900505759999999711e+00
5.469600000000000000e+09 -9.909881561000000616e+00
5.469680000000000000e+09 -9.916802663000000351e+00
5.469760000000000000e+09 -9.924301122999999336e+00
5.469840000000000000e+09 -9.932216034999999721e+00
5.469920000000000000e+09 -9.936815759999999997e+00
5.470000000000000000e+09 -9.950726949999999960e+00
5.470080000000000000e+09 -9.954829841000000457e+00
5.470160000000000000e+09 -9.965975488999999854e+00
5.470240000000000000e+09 -9.972070428000000319e+00
5.470320000000000000e+09 -9.979199164000000621e+00
5.470400000000000000e+09 -9.991377870999999189e+00
5.470480000000000000e+09 -1.000033441000000067e+01
5.470560000000000000e+09 -1.001166195999999964e+01
5.470640000000000000e+09 -1.001715785999999930e+01
5.470720000000000000e+09 -1.003029770000000021e+01
5.470800000000000000e+09 -1.003708109999999998e+01
5.470880000000000000e+09 -1.004557619999999929e+01
5.470960000000000000e+09 -1.005819785000000088e+01
5.471040000000000000e+09 -1.006811727000000012e+01
5.471120000000000000e+09 -1.008046788000000049e+01
5.471200000000000000e+09 -1.008755468000000022e+01
5.471280000000000000e+09 -1.010323164999999968e+01
5.471360000000000000e+09 -1.011432311999999989e+01
5.471440000000000000e+09 -1.012376373000000029e+01
5.471520000000000000e+09 -1.013946508999999985e+01
5.471600000000000000e+09 -1.015046489000000030e+01
5.471680000000000000e+09 -1.015987289999999987e+01
5.471760000000000000e+09 -1.017359667999999928e+01
5.471840000000000000e+09 -1.018790133999999981e+01
5.471920000000000000e+09 -1.020195387999999959e+01
5.472000000000000000e+09 -1.021549903999999920e+01
5.472080000000000000e+09 -1.023090365000000013e+01
5.472160000000000000e+09 -1.024564037999999933e+01
5.472240000000000000e+09 -1.026059242000000005e+01
5.472320000000000000e+09 -1.027681412999999999e+01
5.472400000000000000e+09 -1.029301717999999966e+01
5.472480000000000000e+09 -1.030725037999999927e+01
5.472560000000000000e+09 -1.032436554000000051e+01
5.472640000000000000e+09 -1.034153253999999933e+01
5.472720000000000000e+09 -1.035767696999999998e+01
5.472800000000000000e+09 -1.037170704000000043e+01
5.472880000000000000e+09 -1.039288046000000065e+01
5.472960000000000000e+09 -1.041114860000000064e+01
5.473040000000000000e+09 -1.043324866999999934e+01
5.473120000000000000e+09 -1.045234527000000035e+01
5.473200000000000000e+09 -1.047761056000000046e+01
5.473280000000000000e+09 -1.049447930000000007e+01
5.473360000000000000e+09 -1.051765705999999945e+01
5.473440000000000000e+09 -1.054004300999999977e+01
5.473520000000000000e+09 -1.056074425000000083e+01
5.473600000000000000e+09 -1.058704870000000042e+01
5.473680000000000000e+09 -1.060916562999999968e+01
5.473760000000000000e+09 -1.063772903999999997e+01
5.473840000000000000e+09 -1.066443474000000080e+01
5.473920000000000000e+09 -1.068636453999999958e+01
5.474000000000000000e+09 -1.071854592999999944e+01
5.474080000000000000e+09 -1.074368699000000049e+01
5.474160000000000000e+09 -1.077468091000000072e+01
5.474240000000000000e+09 -1.080392733000000050e+01
5.474320000000000000e+09 -1.083523764999999983e+01
5.474400000000000000e+09 -1.087066167000000050e+01
5.474480000000000000e+09 -1.090769067999999997e+01
5.474560000000000000e+09 -1.093807849999999959e+01
5.474640000000000000e+09 -1.097607147999999988e+01
5.474720000000000000e+09 -1.101156557000000014e+01
5.474800000000000000e+09 -1.104887452000000003e+01
5.474880000000000000e+09 -1.109005022999999923e+01
5.474960000000000000e+09 -1.112870988999999966e+01
5.475040000000000000e+09 -1.116786777999999991e+01
5.475120000000000000e+09 -1.121449505000000002e+01
5.475200000000000000e+09 -1.125483239000000069e+01
5.475280000000000000e+09 -1.130168770000000045e+01
5.475360000000000000e+09 -1.135095027000000023e+01
5.475440000000000000e+09 -1.139783485999999968e+01
5.475520000000000000e+09 -1.145033536999999946e+01
5.475600000000000000e+09 -1.149660012000000009e+01
5.475680000000000000e+09 -1.155355697999999975e+01
5.475760000000000000e+09 -1.161163072000000085e+01
5.475840000000000000e+09 -1.166173777000000022e+01
5.475920000000000000e+09 -1.172238293000000020e+01
5.476000000000000000e+09 -1.178100288999999989e+01
5.476080000000000000e+09 -1.184313640000000056e+01
5.476160000000000000e+09 -1.190326203000000049e+01
5.476240000000000000e+09 -1.196906141999999917e+01
5.476320000000000000e+09 -1.202988722000000088e+01
5.476400000000000000e+09 -1.208834573999999940e+01
5.476480000000000000e+09 -1.215599656000000017e+01
5.476560000000000000e+09 -1.222635834000000088e+01
5.476640000000000000e+09 -1.228768952000000070e+01
5.476720000000000000e+09 -1.235430202000000044e+01
5.476800000000000000e+09 -1.242120966000000060e+01
5.476880000000000000e+09 -1.248638086999999963e+01
5.476960000000000000e+09 -1.255321159000000009e+01
5.477040000000000000e+09 -1.261709092999999982e+01
5.477120000000000000e+09 -1.267509051999999947e+01
5.477200000000000000e+09 -1.273134572000000020e+01
5.477280000000000000e+09 -1.279047120999999976e+01
5.477360000000000000e+09 -1.284205554999999954e+01
5.477440000000000000e+09 -1.288344629000000019e+01
5.477520000000000000e+09 -1.292703904000000037e+01
5.477600000000000000e+09 -1.296692402000000044e+01
5.477680000000000000e+09 -1.299986585000000083e+01
5.477760000000000000e+09 -1.302297064999999954e+01
5.477840000000000000e+09 -1.304516865999999986e+01
5.477920000000000000e+09 -1.304970563000000006e+01
5.478000000000000000e+09 -1.305553959000000042e+01
5.478080000000000000e+09 -1.304819967999999974e+01
5.478160000000000000e+09 -1.303816295999999930e+01
5.478240000000000000e+09 -1.301371989999999990e+01
5.478320000000000000e+09 -1.298684294999999977e+01
5.478400000000000000e+09 -1.295137036000000030e+01
5.478480000000000000e+09 -1.290203872000000018e+01
5.478560000000000000e+09 -1.284608925000000035e+01
5.478640000000000000e+09 -1.278698316000000013e+01
5.478720000000000000e+09 -1.271633886000000047e+01
5.478800000000000000e+09 -1.264562646000000079e+01
5.478880000000000000e+09 -1.256146707999999990e+01
5.478960000000000000e+09 -1.248082883999999915e+01
5.479040000000000000e+09 -1.239429125000000020e+01
5.479120000000000000e+09 -1.230510540999999947e+01
5.479200000000000000e+09 -1.221335666000000053e+01
5.479280000000000000e+09 -1.211530297000000012e+01
5.479360000000000000e+09 -1.202191213000000047e+01
5.479440000000000000e+09 -1.192316905000000027e+01
5.479520000000000000e+09 -1.183129059000000005e+01
5.479600000000000000e+09 -1.173638719000000030e+01
5.479680000000000000e+09 -1.164281549999999932e+01
5.479760000000000000e+09 -1.154615339000000063e+01
5.479840000000000000e+09 -1.145636539999999925e+01
5.479920000000000000e+09 -1.136474171000000055e+01
5.480000000000000000e+09 -1.127761798999999954e+01
5.480080000000000000e+09 -1.119360007000000046e+01
5.480160000000000000e+09 -1.111061559999999915e+01
5.480240000000000000e+09 -1.103167617000000078e+01
5.480320000000000000e+09 -1.095347100999999945e+01
5.480400000000000000e+09 -1.087718674999999990e+01
5.480480000000000000e+09 -1.080593187000000022e+01
5.480560000000000000e+09 -1.073755751999999930e+01
5.480640000000000000e+09 -1.066877095999999980e+01
5.480720000000000000e+09 -1.060414206999999998e+01
5.480800000000000000e+09 -1.054460098000000023e+01
5.480880000000000000e+09 -1.048261454000000015e+01
5.480960000000000000e+09 -1.042901256999999937e+01
5.481040000000000000e+09 -1.037897502999999944e+01
5.481120000000000000e+09 -1.032605859000000059e+01
5.481200000000000000e+09 -1.027225905000000061e+01
5.481280000000000000e+09 -1.022677284999999969e+01
5.481360000000000000e+09 -1.018377023000000037e+01
5.481440000000000000e+09 -1.014061350999999966e+01
5.481520000000000000e+09 -1.010190902999999985e+01
5.481600000000000000e+09 -1.006087038999999983e+01
5.481680000000000000e+09 -1.002673247999999973e+01
5.481760000000000000e+09 -9.992450997000000612e+00
5.481840000000000000e+09 -9.962539341999999465e+00
5.481920000000000000e+09 -9.928098965000000220e+00
5.482000000000000000e+09 -9.900434724000000131e+00
5.482080000000000000e+09 -9.869482288000000381e+00
5.482160000000000000e+09 -9.843461585000000014e+00
5.482240000000000000e+09 -9.816484278000000785e+00
5.482320000000000000e+09 -9.792696597000000835e+00
5.482400000000000000e+09 -9.769970536000000649e+00
5.482480000000000000e+09 -9.746812767999999849e+00
5.482560000000000000e+09 -9.726415112999999835e+00
5.482640000000000000e+09 -9.708188999000000763e+00
5.482720000000000000e+09 -9.687419964000000050e+00
5.482800000000000000e+09 -9.668913666999999990e+00
5.482880000000000000e+09 -9.651631653000000810e+00
5.482960000000000000e+09 -9.633973102000000566e+00
5.483040000000000000e+09 -9.619325617999999523e+00
5.483120000000000000e+09 -9.600914142000000595e+00
5.483200000000000000e+09 -9.590170903000000635e+00
5.483280000000000000e+09 -9.573667866999999276e+00
5.483360000000000000e+09 -9.561789640000000645e+00
5.483440000000000000e+09 -9.550825228000000777e+00
5.483520000000000000e+09 -9.537458447000000561e+00
5.483600000000000000e+09 -9.523565221000000136e+00
5.483680000000000000e+09 -9.513631955999999334e+00
5.483760000000000000e+09 -9.503667022000000131e+00
5.483840000000000000e+09 -9.492415766000000588e+00
5.483920000000000000e+09 -9.484596232999999543e+00
5.484000000000000000e+09 -9.475676191999999887e+00
5.484080000000000000e+09 -9.466792715000000413e+00
5.484160000000000000e+09 -9.457496272000000204e+00
5.484240000000000000e+09 -9.450492599000000382e+00
5.484320000000000000e+09 -9.446622153999999938e+00
5.484400000000000000e+09 -9.437566685000000177e+00
5.484480000000000000e+09 -9.428247241999999417e+00
5.484560000000000000e+09 -9.425308154999999743e+00
5.484640000000000000e+09 -9.418536043999999663e+00
5.484720000000000000e+09 -9.411278518999999676e+00
5.484800000000000000e+09 -9.404932491000000283e+00
5.484880000000000000e+09 -9.398850290000000385e+00
5.484960000000000000e+09 -9.390355446999999245e+00
5.485040000000000000e+09 -9.391039414999999835e+00
5.485120000000000000e+09 -9.381005796000000174e+00
5.485200000000000000e+09 -9.380986947000000242e+00
5.485280000000000000e+09 -9.375048808000000733e+00
5.485360000000000000e+09 -9.366698364999999527e+00
5.485440000000000000e+09 -9.365690238999999195e+00
5.485520000000000000e+09 -9.362289889999999559e+00
5.485600000000000000e+09 -9.360037629000000692e+00
5.485680000000000000e+09 -9.354478343000000251e+00
5.485760000000000000e+09 -9.351192930999999930e+00
5.485840000000000000e+09 -9.347810279000000833e+00
5.485920000000000000e+09 -9.344268363999999494e+00
5.486000000000000000e+09 -9.338207210000000202e+00
5.486080000000000000e+09 -9.335654137000000574e+00
5.486160000000000000e+09 -9.334774552000000725e+00
5.486240000000000000e+09 -9.334963563000000519e+00
5.486320000000000000e+09 -9.326906519999999645e+00
5.486400000000000000e+09 -9.324663183000000188e+00
5.486480000000000000e+09 -9.322145705000000504e+00
5.486560000000000000e+09 -9.322679552000000314e+00
5.486640000000000000e+09 -9.319128668999999476e+00
5.486720000000000000e+09 -9.321655414000000306e+00
5.486800000000000000e+09 -9.318414393999999490e+00
5.486880000000000000e+09 -9.314035670000000877e+00
5.486960000000000000e+09 -9.315464063000000294e+00
5.487040000000000000e+09 -9.311782270000000139e+00
5.487120000000000000e+09 -9.308577639999999320e+00
5.487200000000000000e+09 -9.306910672000000773e+00
5.487280000000000000e+09 -9.308586370000000443e+00
5.487360000000000000e+09 -9.302174766000000261e+00
5.487440000000000000e+09 -9.305096065000000749e+00
5.487520000000000000e+09 -9.303720904000000402e+00
5.487600000000000000e+09 -9.303039220000000498e+00
5.487680000000000000e+09 -9.302583003000000517e+00
5.487760000000000000e+09 -9.299265505999999348e+00
5.487840000000000000e+09 -9.298890662999999890e+00
5.487920000000000000e+09 -9.296156777000000204e+00
5.488000000000000000e+09 -9.298135766999999774e+00
5.488080000000000000e+09 -9.294092150000000885e+00
5.488160000000000000e+09 -9.294913968999999554e+00
5.488240000000000000e+09 -9.290981907000000817e+00
5.488320000000000000e+09 -9.294382123000000107e+00
5.488400000000000000e+09 -9.291837563999999716e+00
5.488480000000000000e+09 -9.291435979999999262e+00
5.488560000000000000e+09 -9.292824744000000692e+00
5.488640000000000000e+09 -9.289084197999999404e+00
5.488720000000000000e+09 -9.286271066999999491e+00
5.488800000000000000e+09 -9.289798356000000368e+00
5.488880000000000000e+09 -9.286762775999999775e+00
5.488960000000000000e+09 -9.288441239999999155e+00
5.489040000000000000e+09 -9.289132940000000005e+00
5.489120000000000000e+09 -9.288883021000000184e+00
5.489200000000000000e+09 -9.283583034999999484e+00
5.489280000000000000e+09 -9.284566755000000171e+00
5.489360000000000000e+09 -9.284003148000000039e+00
5.489440000000000000e+09 -9.285482464999999408e+00
5.489520000000000000e+09 -9.285456939999999548e+00
5.489600000000000000e+09 -9.287425351999999634e+00
5.489680000000000000e+09 -9.286842784999999267e+00
5.489760000000000000e+09 -9.284743866999999540e+00
5.489840000000000000e+09 -9.281674668999999156e+00
5.489920000000000000e+09 -9.282863196999999289e+00
5.490000000000000000e+09 -9.281193553999999679e+00
5.490080000000000000e+09 -9.282191588999999965e+00
5.490160000000000000e+09 -9.283209634000000321e+00
5.490240000000000000e+09 -9.281485216000000094e+00
5.490320000000000000e+09 -9.284133733000000888e+00
5.490400000000000000e+09 -9.283503425999999337e+00
5.490480000000000000e+09 -9.283526349000000621e+00
5.490560000000000000e+09 -9.283740937999999332e+00
5.490640000000000000e+09 -9.280738649999999978e+00
5.490720000000000000e+09 -9.284392250999999874e+00
5.490800000000000000e+09 -9.284736420999999851e+00
5.490880000000000000e+09 -9.283073386999999954e+00
5.490960000000000000e+09 -9.282752322000000333e+00
5.491040000000000000e+09 -9.285442118000000633e+00
5.491120000000000000e+09 -9.286114815999999550e+00
5.491200000000000000e+09 -9.282073796000000598e+00
5.491280000000000000e+09 -9.284535039999999739e+00
5.491360000000000000e+09 -9.284233323000000482e+00
5.491440000000000000e+09 -9.285456979999999305e+00
5.491520000000000000e+09 -9.285127703000000565e+00
5.491600000000000000e+09 -9.282696631000000309e+00
5.491680000000000000e+09 -9.284838549999999913e+00
5.491760000000000000e+09 -9.284861495999999548e+00
5.491840000000000000e+09 -9.286036340000000777e+00
5.491920000000000000e+09 -9.287574933000000144e+00
5.492000000000000000e+09 -9.288469729999999203e+00
5.492080000000000000e+09 -9.287023579999999612e+00
5.492160000000000000e+09 -9.288019587000000854e+00
5.492240000000000000e+09 -9.288717371000000611e+00
5.492320000000000000e+09 -9.287858628000000394e+00
5.492400000000000000e+09 -9.286707261000000102e+00
5.492480000000000000e+09 -9.289634124000000881e+00
5.492560000000000000e+09 -9.286592028999999471e+00
5.492640000000000000e+09 -9.285435713000000035e+00
5.492720000000000000e+09 -9.289646990999999687e+00
5.492800000000000000e+09 -9.289094898000000100e+00
5.492880000000000000e+09 -9.288101537999999380e+00
5.492960000000000000e+09 -9.292599427000000745e+00
5.493040000000000000e+09 -9.291811195999999384e+00
5.493120000000000000e+09 -9.292363603000000083e+00
5.493200000000000000e+09 -9.290090808000000422e+00
5.493280000000000000e+09 -9.297986221000000384e+00
5.493360000000000000e+09 -9.292841511000000665e+00
5.493440000000000000e+09 -9.289546464000000725e+00
5.493520000000000000e+09 -9.294287619000000333e+00
5.493600000000000000e+09 -9.292785133000000641e+00
5.493680000000000000e+09 -9.297427326999999408e+00
5.493760000000000000e+09 -9.297937262999999675e+00
5.493840000000000000e+09 -9.297455672999999976e+00
5.493920000000000000e+09 -9.294195583000000482e+00
5.494000000000000000e+09 -9.299037625000000418e+00
5.494080000000000000e+09 -9.299312625000000665e+00
5.494160000000000000e+09 -9.300850587999999419e+00
5.494240000000000000e+09 -9.302252030000000005e+00
5.494320000000000000e+09 -9.296149053000000606e+00
5.494400000000000000e+09 -9.297270237999999409e+00
5.494480000000000000e+09 -9.299363716000000224e+00
5.494560000000000000e+09 -9.300809790000000632e+00
5.494640000000000000e+09 -9.301760803000000521e+00
5.494720000000000000e+09 -9.297967614999999242e+00
5.494800000000000000e+09 -9.304361489999999790e+00
5.494880000000000000e+09 -9.303559312000000858e+00
5.494960000000000000e+09 -9.307120473999999533e+00
5.495040000000000000e+09 -9.306563590999999747e+00
5.495120000000000000e+09 -9.306976275000000243e+00
5.495200000000000000e+09 -9.307737474999999705e+00
5.495280000000000000e+09 -9.306462098000000793e+00
5.495360000000000000e+09 -9.309866348999999985e+00
5.495440000000000000e+09 -9.310140326999999161e+00
5.495520000000000000e+09 -9.310337692999999248e+00
5.495600000000000000e+09 -9.314455715999999441e+00
5.495680000000000000e+09 -9.311188153999999884e+00
5.495760000000000000e+09 -9.310677441999999360e+00
5.495840000000000000e+09 -9.314627271000000874e+00
5.495920000000000000e+09 -9.312077370000000798e+00
5.496000000000000000e+09 -9.312493117000000709e+00
5.496080000000000000e+09 -9.313243940999999637e+00
5.496160000000000000e+09 -9.316288973000000695e+00
5.496240000000000000e+09 -9.317791204000000604e+00
5.496320000000000000e+09 -9.318277508999999625e+00
5.496400000000000000e+09 -9.320981006000000235e+00
5.496480000000000000e+09 -9.319513364000000522e+00
5.496560000000000000e+09 -9.317947974999999161e+00
5.496640000000000000e+09 -9.321788476000000045e+00
5.496720000000000000e+09 -9.326534065000000595e+00
5.496800000000000000e+09 -9.320799023999999378e+00
5.496880000000000000e+09 -9.323446899000000343e+00
5.496960000000000000e+09 -9.323404798000000326e+00
5.497040000000000000e+09 -9.325239325000000079e+00
5.497120000000000000e+09 -9.327060713999999919e+00
5.497200000000000000e+09 -9.326580674000000570e+00
5.497280000000000000e+09 -9.326439647000000832e+00
5.497360000000000000e+09 -9.326264865000000626e+00
5.497440000000000000e+09 -9.330702623000000528e+00
5.497520000000000000e+09 -9.332033554000000564e+00
5.497600000000000000e+09 -9.328185317999999171e+00
5.497680000000000000e+09 -9.333126490999999803e+00
5.497760000000000000e+09 -9.332050450000000552e+00
5.497840000000000000e+09 -9.337835178000000624e+00
5.497920000000000000e+09 -9.334840185999999207e+00
5.498000000000000000e+09 -9.337185306000000296e+00
5.498080000000000000e+09 -9.338509201999999121e+00
5.498160000000000000e+09 -9.337352265999999901e+00
5.498240000000000000e+09 -9.341930730999999710e+00
5.498320000000000000e+09 -9.340988859999999505e+00
5.498400000000000000e+09 -9.346112395000000461e+00
5.498480000000000000e+09 -9.343033641999999972e+00
5.498560000000000000e+09 -9.344439011000000406e+00
5.498640000000000000e+09 -9.345633759000000040e+00
5.498720000000000000e+09 -9.347324175000000679e+00
5.498800000000000000e+09 -9.346906365000000605e+00
5.498880000000000000e+09 -9.349697967999999193e+00
5.498960000000000000e+09 -9.350876371000000020e+00
5.499040000000000000e+09 -9.352477501999999276e+00
5.499120000000000000e+09 -9.352696498000000247e+00
5.499200000000000000e+09 -9.351488594999999293e+00
5.499280000000000000e+09 -9.355963633000000002e+00
5.499360000000000000e+09 -9.355448078000000223e+00
5.499440000000000000e+09 -9.355152102999999997e+00
5.499520000000000000e+09 -9.359736237999999986e+00
5.499600000000000000e+09 -9.358773469999999151e+00
5.499680000000000000e+09 -9.362202999000000858e+00
5.499760000000000000e+09 -9.359749479999999622e+00
5.499840000000000000e+09 -9.361994663999999133e+00
5.499920000000000000e+09 -9.363117407000000725e+00
5.500000000000000000e+09 -9.365055918999999562e+00
5.500080000000000000e+09 -9.368758995000000311e+00
5.500160000000000000e+09 -9.366946529999999882e+00
5.500240000000000000e+09 -9.366088915000000625e+00
5.500320000000000000e+09 -9.368071764999999829e+00
5.500400000000000000e+09 -9.369623046999999261e+00
5.500480000000000000e+09 -9.370306531000000660e+00
5.500560000000000000e+09 -9.372914811999999429e+00
5.500640000000000000e+09 -9.374046505000000806e+00
5.500720000000000000e+09 -9.371942054999999883e+00
5.500800000000000000e+09 -9.376131690999999435e+00
5.500880000000000000e+09 -9.378270016000000098e+00
5.500960000000000000e+09 -9.378311583000000340e+00
5.501040000000000000e+09 -9.378928295999999776e+00
5.501120000000000000e+09 -9.379825893999999664e+00
5.501200000000000000e+09 -9.382202679000000600e+00
5.501280000000000000e+09 -9.381466934000000535e+00
5.501360000000000000e+09 -9.384849050999999776e+00
5.501440000000000000e+09 -9.386379657999999182e+00
5.501520000000000000e+09 -9.386002717000000217e+00
5.501600000000000000e+09 -9.387538651999999928e+00
5.501680000000000000e+09 -9.384596867000000842e+00
5.501760000000000000e+09 -9.388464179999999715e+00
5.501840000000000000e+09 -9.391479410000000527e+00
5.501920000000000000e+09 -9.391242749999999972e+00
5.502000000000000000e+09 -9.392418795999999404e+00
5.502080000000000000e+09 -9.397790970999999161e+00
5.502160000000000000e+09 -9.393082105999999598e+00
5.502240000000000000e+09 -9.396162867999999335e+00
5.502320000000000000e+09 -9.395396695000000520e+00
5.502400000000000000e+09 -9.400750833000000029e+00
5.502480000000000000e+09 -9.403062137999999237e+00
5.502560000000000000e+09 -9.402942871000000480e+00
5.502640000000000000e+09 -9.402776453999999617e+00
5.502720000000000000e+09 -9.405455402999999492e+00
5.502800000000000000e+09 -9.408966088999999755e+00
5.502880000000000000e+09 -9.406116771000000654e+00
5.502960000000000000e+09 -9.407801239999999510e+00
5.503040000000000000e+09 -9.406074788999999825e+00
5.503120000000000000e+09 -9.408307307999999480e+00
5.503200000000000000e+09 -9.410800780000000643e+00
5.503280000000000000e+09 -9.412604706999999848e+00
5.503360000000000000e+09 -9.414682721000000143e+00
5.503440000000000000e+09 -9.414352376000000078e+00
5.503520000000000000e+09 -9.416335454000000382e+00
5.503600000000000000e+09 -9.419949345999999224e+00
5.503680000000000000e+09 -9.419511262000000329e+00
5.503760000000000000e+09 -9.420993322999999364e+00
5.503840000000000000e+09 -9.421122894999999886e+00
5.503920000000000000e+09 -9.422088049999999271e+00
5.504000000000000000e+09 -9.421262280000000544e+00
5.504080000000000000e+09 -9.423777159000000125e+00
5.504160000000000000e+09 -9.423244347000000687e+00
5.504240000000000000e+09 -9.425844787000000835e+00
5.504320000000000000e+09 -9.421279883000000410e+00
5.504400000000000000e+09 -9.426775872000000334e+00
5.504480000000000000e+09 -9.427908459999999380e+00
5.504560000000000000e+09 -9.433509847999999920e+00
5.504640000000000000e+09 -9.430820847999999756e+00
5.504720000000000000e+09 -9.434128956000000343e+00
5.504800000000000000e+09 -9.437319366000000542e+00
5.504880000000000000e+09 -9.436339601000000243e+00
5.504960000000000000e+09 -9.439343400000000273e+00
5.505040000000000000e+09 -9.439311139000000850e+00
5.505120000000000000e+09 -9.443164455999999873e+00
5.505200000000000000e+09 -9.438520063000000349e+00
5.505280000000000000e+09 -9.437506696999999889e+00
5.505360000000000000e+09 -9.440138052000000002e+00
5.505440000000000000e+09 -9.443373493999999368e+00
5.505520000000000000e+09 -9.445153040999999305e+00
5.505600000000000000e+09 -9.444441002999999668e+00
5.505680000000000000e+09 -9.445870621999999273e+00
5.505760000000000000e+09 -9.448652668999999449e+00
5.505840000000000000e+09 -9.446904370000000384e+00
5.505920000000000000e+09 -9.449796491000000742e+00
5.506000000000000000e+09 -9.451089338999999256e+00
5.506080000000000000e+09 -9.451866638000000265e+00
5.506160000000000000e+09 -9.454708223000000800e+00
5.506240000000000000e+09 -9.456872972999999405e+00
5.506320000000000000e+09 -9.454949860999999345e+00
5.506400000000000000e+09 -9.455111666000000525e+00
5.506480000000000000e+09 -9.457404441999999634e+00
5.506560000000000000e+09 -9.460519978000000663e+00
5.506640000000000000e+09 -9.459446077999999147e+00
5.506720000000000000e+09 -9.458426725000000701e+00
5.506800000000000000e+09 -9.461716696999999954e+00
5.506880000000000000e+09 -9.463619446999999241e+00
5.506960000000000000e+09 -9.464684219000000454e+00
5.507040000000000000e+09 -9.466092163000000781e+00
5.507120000000000000e+09 -9.464632885000000329e+00
5.507200000000000000e+09 -9.468756725000000429e+00
5.507280000000000000e+09 -9.469752694000000304e+00
5.507360000000000000e+09 -9.468607227999999765e+00
5.507440000000000000e+09 -9.467371082999999743e+00
5.507520000000000000e+09 -9.472231504999999885e+00
5.507600000000000000e+09 -9.471128282000000453e+00
5.507680000000000000e+09 -9.474093093000000465e+00
5.507760000000000000e+09 -9.475802489999999523e+00
5.507840000000000000e+09 -9.475231837000000823e+00
5.507920000000000000e+09 -9.478370272999999457e+00
5.508000000000000000e+09 -9.476112759999999469e+00
5.508080000000000000e+09 -9.477747220999999556e+00
5.508160000000000000e+09 -9.474144722000000129e+00
5.508240000000000000e+09 -9.477528165000000726e+00
5.508320000000000000e+09 -9.480566658000000757e+00
5.508400000000000000e+09 -9.481765275000000770e+00
5.508480000000000000e+09 -9.479220576999999537e+00
5.508560000000000000e+09 -9.482001478000000816e+00
5.508640000000000000e+09 -9.483336257999999575e+00
5.508720000000000000e+09 -9.481648570999999137e+00
5.508800000000000000e+09 -9.487063528000000190e+00
5.508880000000000000e+09 -9.484467778999999155e+00
5.508960000000000000e+09 -9.486092368999999636e+00
5.509040000000000000e+09 -9.485354375000000005e+00
5.509120000000000000e+09 -9.486766244000000015e+00
5.509200000000000000e+09 -9.487207467999999366e+00
5.509280000000000000e+09 -9.487742340000000496e+00
5.509360000000000000e+09 -9.492087872999999121e+00
5.509440000000000000e+09 -9.490653228999999413e+00
5.509520000000000000e+09 -9.490575197000000074e+00
5.509600000000000000e+09 -9.492295182999999525e+00
5.509680000000000000e+09 -9.495679852000000309e+00
5.509760000000000000e+09 -9.494034791000000695e+00
5.509840000000000000e+09 -9.495473607999999288e+00
5.509920000000000000e+09 -9.496718085999999559e+00
5.510000000000000000e+09 -9.498644853000000055e+00
5.510080000000000000e+09 -9.496623987999999628e+00
5.510160000000000000e+09 -9.496888261000000497e+00
5.510240000000000000e+09 -9.496340238000000156e+00
5.510320000000000000e+09 -9.500317239999999330e+00
5.510400000000000000e+09 -9.496957369000000426e+00
5.510480000000000000e+09 -9.498631939999999219e+00
5.510560000000000000e+09 -9.499117734000000368e+00
5.510640000000000000e+09 -9.501885412000000031e+00
5.510720000000000000e+09 -9.504079671999999590e+00
5.510800000000000000e+09 -9.503844604999999390e+00
5.510880000000000000e+09 -9.503984902999999207e+00
5.510960000000000000e+09 -9.501086138999999875e+00
5.511040000000000000e+09 -9.505463227999999987e+00
5.511120000000000000e+09 -9.506128215000000381e+00
5.511200000000000000e+09 -9.501465678000000636e+00
5.511280000000000000e+09 -9.503190674000000726e+00
5.511360000000000000e+09 -9.503641420999999312e+00
5.511440000000000000e+09 -9.506482597999999840e+00
5.511520000000000000e+09 -9.505926656999999835e+00
5.511600000000000000e+09 -9.504140672000000123e+00
5.511680000000000000e+09 -9.509027899999999534e+00
5.511760000000000000e+09 -9.505802228000000298e+00
5.511840000000000000e+09 -9.504893586999999755e+00
5.511920000000000000e+09 -9.507420071000000306e+00
5.512000000000000000e+09 -9.510285484000000622e+00
5.512080000000000000e+09 -9.510869002999999822e+00
5.512160000000000000e+09 -9.510773620000000150e+00
5.512240000000000000e+09 -9.510277217000000505e+00
5.512320000000000000e+09 -9.508927532999999599e+00
5.512400000000000000e+09 -9.513516531000000498e+00
5.512480000000000000e+09 -9.510779893000000484e+00
5.512560000000000000e+09 -9.511516869999999457e+00
5.512640000000000000e+09 -9.513779394000000167e+00
5.512720000000000000e+09 -9.509490240999999955e+00
5.512800000000000000e+09 -9.517107919000000749e+00
5.512880000000000000e+09 -9.511409284000000852e+00
5.512960000000000000e+09 -9.513485212999999163e+00
5.513040000000000000e+09 -9.513174950999999879e+00
5.513120000000000000e+09 -9.513116240000000445e+00
5.513200000000000000e+09 -9.515003886000000577e+00
5.513280000000000000e+09 -9.516569413999999227e+00
5.513360000000000000e+09 -9.514085851999999122e+00
5.513440000000000000e+09 -9.515814353999999753e+00
5.513520000000000000e+09 -9.514114212000000848e+00
5.513600000000000000e+09 -9.511930594000000738e+00
5.513680000000000000e+09 -9.512445149999999572e+00
5.513760000000000000e+09 -9.511740971000000044e+00
5.513840000000000000e+09 -9.514059699000000592e+00
5.513920000000000000e+09 -9.514243985000000237e+00
5.514000000000000000e+09 -9.509706053000000381e+00
5.514080000000000000e+09 -9.514668355999999605e+00
5.514160000000000000e+09 -9.514408681999999118e+00
5.514240000000000000e+09 -9.515445227000000727e+00
5.514320000000000000e+09 -9.513113513000000410e+00
5.514400000000000000e+09 -9.514019917000000603e+00
5.514480000000000000e+09 -9.512909911999999579e+00
5.514560000000000000e+09 -9.515766840999999587e+00
5.514640000000000000e+09 -9.514172944000000243e+00
5.514720000000000000e+09 -9.510114017999999447e+00
5.514800000000000000e+09 -9.514521740999999366e+00
5.514880000000000000e+09 -9.514897304999999861e+00
5.514960000000000000e+09 -9.513135341999999994e+00
5.515040000000000000e+09 -9.516712939999999676e+00
5.515120000000000000e+09 -9.515701512999999778e+00
5.515200000000000000e+09 -9.514160328000000888e+00
5.515280000000000000e+09 -9.513188409999999706e+00
5.515360000000000000e+09 -9.514343786999999608e+00
5.515440000000000000e+09 -9.510666871999999827e+00
5.515520000000000000e+09 -9.514449253000000439e+00
5.515600000000000000e+09 -9.513668193000000883e+00
5.515680000000000000e+09 -9.514944622999999879e+00
5.515760000000000000e+09 -9.514104976000000491e+00
5.515840000000000000e+09 -9.511122316999999882e+00
5.515920000000000000e+09 -9.516059040000000024e+00
5.516000000000000000e+09 -9.512456528999999605e+00
5.516080000000000000e+09 -9.512448128999999142e+00
5.516160000000000000e+09 -9.512284062999999179e+00
5.516240000000000000e+09 -9.514949208000000880e+00
5.516320000000000000e+09 -9.516421560999999585e+00
5.516400000000000000e+09 -9.511906146999999478e+00
5.516480000000000000e+09 -9.511147040999999192e+00
5.516560000000000000e+09 -9.509582514999999958e+00
5.516640000000000000e+09 -9.511799230999999466e+00
5.516720000000000000e+09 -9.511572494999999350e+00
5.516800000000000000e+09 -9.510134594000000163e+00
5.516880000000000000e+09 -9.510673677999999853e+00
5.516960000000000000e+09 -9.510787486999999985e+00
5.517040000000000000e+09 -9.511100592000000020e+00
5.517120000000000000e+09 -9.505924441999999530e+00
5.517200000000000000e+09 -9.508816040999999331e+00
5.517280000000000000e+09 -9.506919483000000781e+00
5.517360000000000000e+09 -9.508233813000000367e+00
5.517440000000000000e+09 -9.507186751000000768e+00
5.517520000000000000e+09 -9.507772571000000283e+00
5.517600000000000000e+09 -9.504151565000000801e+00
5.517680000000000000e+09 -9.512669869999999861e+00
5.517760000000000000e+09 -9.506601931000000505e+00
5.517840000000000000e+09 -9.505208457000000166e+00
5.517920000000000000e+09 -9.505496453999999318e+00
5.518000000000000000e+09 -9.507463751999999602e+00
5.518080000000000000e+09 -9.504700495999999887e+00
5.518160000000000000e+09 -9.502391118000000247e+00
5.518240000000000000e+09 -9.502541447000000474e+00
5.518320000000000000e+09 -9.503204315999999707e+00
5.518400000000000000e+09 -9.507672632000000235e+00
5.518480000000000000e+09 -9.501883807000000459e+00
5.518560000000000000e+09 -9.502523990000000254e+00
5.518640000000000000e+09 -9.504402930999999555e+00
5.518720000000000000e+09 -9.503376593000000483e+00
5.518800000000000000e+09 -9.499758336999999386e+00
5.518880000000000000e+09 -9.499166984000000369e+00
5.518960000000000000e+09 -9.500051227000000154e+00
5.519040000000000000e+09 -9.500154679999999630e+00
5.519120000000000000e+09 -9.497813260999999230e+00
5.519200000000000000e+09 -9.500440927999999730e+00
5.519280000000000000e+09 -9.498545947000000211e+00
5.519360000000000000e+09 -9.499384179999999844e+00
5.519440000000000000e+09 -9.499979592000000750e+00
5.519520000000000000e+09 -9.497188352000000222e+00
5.519600000000000000e+09 -9.492554007000000738e+00
5.519680000000000000e+09 -9.491215369000000734e+00
5.519760000000000000e+09 -9.494212372999999872e+00
5.519840000000000000e+09 -9.496615761999999350e+00
5.519920000000000000e+09 -9.493890584000000743e+00
5.520000000000000000e+09 -9.492568063000000222e+00
