5.440000000000000000e+09 -9.103291687000000465e+00
5.440080000000000000e+09 -9.109818355999999895e+00
5.440160000000000000e+09 -9.112911386000000391e+00
5.440240000000000000e+09 -9.117905111000000673e+00
5.440320000000000000e+09 -9.116830361999999965e+00
5.440400000000000000e+09 -9.114277794999999571e+00
5.440480000000000000e+09 -9.115609329999999844e+00
5.440560000000000000e+09 -9.120338749000000078e+00
5.440640000000000000e+09 -9.117634909999999593e+00
5.440720000000000000e+09 -9.115160462000000408e+00
5.440800000000000000e+09 -9.119643266000000636e+00
5.440880000000000000e+09 -9.122292841000000152e+00
5.440960000000000000e+09 -9.120321527999999844e+00
5.441040000000000000e+09 -9.122034513999999206e+00
5.441120000000000000e+09 -9.120367884000000203e+00
5.441200000000000000e+09 -9.114085586999999933e+00
5.441280000000000000e+09 -9.116752032000000838e+00
5.441360000000000000e+09 -9.118686650000000782e+00
5.441440000000000000e+09 -9.114164396999999695e+00
5.441520000000000000e+09 -9.107025364000000067e+00
5.441600000000000000e+09 -9.119620999000000339e+00
5.441680000000000000e+09 -9.118145153000000391e+00
5.441760000000000000e+09 -9.115318986000000123e+00
5.441840000000000000e+09 -9.121061925999999431e+00
5.441920000000000000e+09 -9.123524628000000192e+00
5.442000000000000000e+09 -9.122902887000000405e+00
5.442080000000000000e+09 -9.119613947999999581e+00
5.442160000000000000e+09 -9.125439373000000742e+00
5.442240000000000000e+09 -9.125817267000000399e+00
5.442320000000000000e+09 -9.122155182000000195e+00
5.442400000000000000e+09 -9.126521008999999296e+00
5.442480000000000000e+09 -9.121371566000000541e+00
5.442560000000000000e+09 -9.124580854999999602e+00
5.442640000000000000e+09 -9.137071344000000650e+00
5.442720000000000000e+09 -9.121259318999999977e+00
5.442800000000000000e+09 -9.112095589000000828e+00
5.442880000000000000e+09 -9.116471518999999191e+00
5.442960000000000000e+09 -9.125493089000000779e+00
5.443040000000000000e+09 -9.128647322000000841e+00
5.443120000000000000e+09 -9.125028300000000314e+00
5.443200000000000000e+09 -9.119057936000000808e+00
5.443280000000000000e+09 -9.126238652999999701e+00
5.443360000000000000e+09 -9.123468665000000755e+00
5.443440000000000000e+09 -9.136364542000000810e+00
5.443520000000000000e+09 -9.123113712000000319e+00
5.443600000000000000e+09 -9.126098557000000611e+00
5.443680000000000000e+09 -9.141905060999999222e+00
5.443760000000000000e+09 -9.127445463000000814e+00
5.443840000000000000e+09 -9.128199093999999292e+00
5.443920000000000000e+09 -9.133936544999999185e+00
5.444000000000000000e+09 -9.138792345000000594e+00
5.444080000000000000e+09 -9.127405749999999429e+00
5.444160000000000000e+09 -9.129379536000000073e+00
5.444240000000000000e+09 -9.126107798999999687e+00
5.444320000000000000e+09 -9.128159452000000229e+00
5.444400000000000000e+09 -9.133241134000000372e+00
5.444480000000000000e+09 -9.139365313000000768e+00
5.444560000000000000e+09 -9.136668092000000740e+00
5.444640000000000000e+09 -9.131568615999999139e+00
5.444720000000000000e+09 -9.126329615999999589e+00
5.444800000000000000e+09 -9.127537756000000613e+00
5.444880000000000000e+09 -9.128427561000000523e+00
5.444960000000000000e+09 -9.129613297000000571e+00
5.445040000000000000e+09 -9.131828495000000601e+00
5.445120000000000000e+09 -9.132920351999999298e+00
5.445200000000000000e+09 -9.132566267999999710e+00
5.445280000000000000e+09 -9.127628901999999655e+00
5.445360000000000000e+09 -9.137264323000000132e+00
5.445440000000000000e+09 -9.142744071999999278e+00
5.445520000000000000e+09 -9.142749953999999235e+00
5.445600000000000000e+09 -9.153217858999999734e+00
5.445680000000000000e+09 -9.140610277000000394e+00
5.445760000000000000e+09 -9.139603704000000661e+00
5.445840000000000000e+09 -9.141600997999999478e+00
5.445920000000000000e+09 -9.146136789999999905e+00
5.446000000000000000e+09 -9.150589754000000298e+00
5.446080000000000000e+09 -9.143505852000000544e+00
5.446160000000000000e+09 -9.158314682000000317e+00
5.446240000000000000e+09 -9.151227956999999691e+00
5.446320000000000000e+09 -9.148082005999999211e+00
5.446400000000000000e+09 -9.149019946999999320e+00
5.446480000000000000e+09 -9.153817350000000630e+00
5.446560000000000000e+09 -9.163283988999999963e+00
5.446640000000000000e+09 -9.154655476000000291e+00
5.446720000000000000e+09 -9.153043528999999623e+00
5.446800000000000000e+09 -9.144712286000000745e+00
5.446880000000000000e+09 -9.153326022999999978e+00
5.446960000000000000e+09 -9.155766769999999610e+00
5.447040000000000000e+09 -9.153741138000000888e+00
5.447120000000000000e+09 -9.159764434999999594e+00
5.447200000000000000e+09 -9.159984414000000186e+00
5.447280000000000000e+09 -9.161886046999999422e+00
5.447360000000000000e+09 -9.166589341999999974e+00
5.447440000000000000e+09 -9.150371072000000439e+00
5.447520000000000000e+09 -9.165159231000000517e+00
5.447600000000000000e+09 -9.159901426999999430e+00
5.447680000000000000e+09 -9.170392722000000774e+00
5.447760000000000000e+09 -9.169139735999999985e+00
5.447840000000000000e+09 -9.170898570000000305e+00
5.447920000000000000e+09 -9.164573632999999830e+00
5.448000000000000000e+09 -9.154134778999999611e+00
5.448080000000000000e+09 -9.177545037999999877e+00
5.448160000000000000e+09 -9.167244605000000490e+00
5.448240000000000000e+09 -9.174744984000000159e+00
5.448320000000000000e+09 -9.163473142000000848e+00
5.448400000000000000e+09 -9.168357571999999678e+00
5.448480000000000000e+09 -9.171957619000000506e+00
5.448560000000000000e+09 -9.183456151999999761e+00
5.448640000000000000e+09 -9.166609529000000478e+00
5.448720000000000000e+09 -9.176625260999999867e+00
5.448800000000000000e+09 -9.185487747999999897e+00
5.448880000000000000e+09 -9.184341826000000708e+00
5.448960000000000000e+09 -9.174217979999999883e+00
5.449040000000000000e+09 -9.176930698999999692e+00
5.449120000000000000e+09 -9.175624846999999917e+00
5.449200000000000000e+09 -9.179843716000000597e+00
5.449280000000000000e+09 -9.178599527999999452e+00
5.449360000000000000e+09 -9.173486948000000751e+00
5.449440000000000000e+09 -9.182608740999999242e+00
5.449520000000000000e+09 -9.197427546000000120e+00
5.449600000000000000e+09 -9.190435814000000647e+00
5.449680000000000000e+09 -9.188245377999999519e+00
5.449760000000000000e+09 -9.191526429999999692e+00
5.449840000000000000e+09 -9.191462246000000391e+00
5.449920000000000000e+09 -9.199534842000000268e+00
5.450000000000000000e+09 -9.190415066999999993e+00
5.450080000000000000e+09 -9.198552060999999114e+00
5.450160000000000000e+09 -9.197161239999999793e+00
5.450240000000000000e+09 -9.197620323000000653e+00
5.450320000000000000e+09 -9.197998965000000027e+00
5.450400000000000000e+09 -9.205880647000000749e+00
5.450480000000000000e+09 -9.205422975999999480e+00
5.450560000000000000e+09 -9.205398547999999792e+00
5.450640000000000000e+09 -9.197616115000000647e+00
5.450720000000000000e+09 -9.203272704999999831e+00
5.450800000000000000e+09 -9.212371621000000843e+00
5.450880000000000000e+09 -9.209533146000000059e+00
5.450960000000000000e+09 -9.205286618000000587e+00
5.451040000000000000e+09 -9.204631334000000109e+00
5.451120000000000000e+09 -9.202659653999999634e+00
5.451200000000000000e+09 -9.210322322999999756e+00
5.451280000000000000e+09 -9.216981763999999799e+00
5.451360000000000000e+09 -9.217144898999999114e+00
5.451440000000000000e+09 -9.216813566000000790e+00
5.451520000000000000e+09 -9.226608348999999265e+00
5.451600000000000000e+09 -9.223378183999999536e+00
5.451680000000000000e+09 -9.229323495999999238e+00
5.451760000000000000e+09 -9.220896078999999190e+00
5.451840000000000000e+09 -9.221618855999999198e+00
5.451920000000000000e+09 -9.229055526999999870e+00
5.452000000000000000e+09 -9.232857662000000687e+00
5.452080000000000000e+09 -9.223013275999999649e+00
5.452160000000000000e+09 -9.228858039000000346e+00
5.452240000000000000e+09 -9.230302346000000213e+00
5.452320000000000000e+09 -9.228017174999999739e+00
5.452400000000000000e+09 -9.234243379000000473e+00
5.452480000000000000e+09 -9.229863336999999390e+00
5.452560000000000000e+09 -9.237043246000000707e+00
5.452640000000000000e+09 -9.244344306000000344e+00
5.452720000000000000e+09 -9.235940364999999375e+00
5.452800000000000000e+09 -9.242315102999999255e+00
5.452880000000000000e+09 -9.246428113000000337e+00
5.452960000000000000e+09 -9.239838095999999723e+00
5.453040000000000000e+09 -9.244767125999999280e+00
5.453120000000000000e+09 -9.238792713000000489e+00
5.453200000000000000e+09 -9.244123544000000692e+00
5.453280000000000000e+09 -9.240075928999999633e+00
5.453360000000000000e+09 -9.248895885999999678e+00
5.453440000000000000e+09 -9.249058971000000184e+00
5.453520000000000000e+09 -9.253374823999999776e+00
5.453600000000000000e+09 -9.256695070999999331e+00
5.453680000000000000e+09 -9.258920297999999605e+00
5.453760000000000000e+09 -9.255113069000000081e+00
5.453840000000000000e+09 -9.266799647999999223e+00
5.453920000000000000e+09 -9.260814072000000508e+00
5.454000000000000000e+09 -9.261100195999999229e+00
5.454080000000000000e+09 -9.251325422000000742e+00
5.454160000000000000e+09 -9.260932503999999454e+00
5.454240000000000000e+09 -9.263957036000000755e+00
5.454320000000000000e+09 -9.261718424999999755e+00
5.454400000000000000e+09 -9.256932330999999792e+00
5.454480000000000000e+09 -9.267617040999999389e+00
5.454560000000000000e+09 -9.275155141999999131e+00
5.454640000000000000e+09 -9.269702553000000123e+00
5.454720000000000000e+09 -9.271482195000000814e+00
5.454800000000000000e+09 -9.275063713999999848e+00
5.454880000000000000e+09 -9.270312109000000689e+00
5.454960000000000000e+09 -9.271821909999999889e+00
5.455040000000000000e+09 -9.281295290999999281e+00
5.455120000000000000e+09 -9.281991579999999686e+00
5.455200000000000000e+09 -9.275247193000000223e+00
5.455280000000000000e+09 -9.283923774999999878e+00
5.455360000000000000e+09 -9.286412413000000754e+00
5.455440000000000000e+09 -9.294491164000000083e+00
5.455520000000000000e+09 -9.279927578000000565e+00
5.455600000000000000e+09 -9.295763610999999926e+00
5.455680000000000000e+09 -9.288415982000000071e+00
5.455760000000000000e+09 -9.295955580999999412e+00
5.455840000000000000e+09 -9.291824382999999798e+00
5.455920000000000000e+09 -9.303671374000000327e+00
5.456000000000000000e+09 -9.301168750000000429e+00
5.456080000000000000e+09 -9.306584261999999441e+00
5.456160000000000000e+09 -9.301359778000000134e+00
5.456240000000000000e+09 -9.303062390999999209e+00
5.456320000000000000e+09 -9.300574747000000642e+00
5.456400000000000000e+09 -9.308393687000000583e+00
5.456480000000000000e+09 -9.311389430000000189e+00
5.456560000000000000e+09 -9.308742960000000011e+00
5.456640000000000000e+09 -9.310705981999999992e+00
5.456720000000000000e+09 -9.312712901999999460e+00
5.456800000000000000e+09 -9.306585806999999377e+00
5.456880000000000000e+09 -9.325696686000000568e+00
5.456960000000000000e+09 -9.318894511999999963e+00
5.457040000000000000e+09 -9.322483327000000486e+00
5.457120000000000000e+09 -9.317351505999999617e+00
5.457200000000000000e+09 -9.326573674000000480e+00
5.457280000000000000e+09 -9.313999829000000119e+00
5.457360000000000000e+09 -9.329118441000000317e+00
5.457440000000000000e+09 -9.332200157999999135e+00
5.457520000000000000e+09 -9.334440737999999627e+00
5.457600000000000000e+09 -9.337365461999999283e+00
5.457680000000000000e+09 -9.328526954999999177e+00
5.457760000000000000e+09 -9.330554350999999969e+00
5.457840000000000000e+09 -9.336453494000000575e+00
5.457920000000000000e+09 -9.343941731999999334e+00
5.458000000000000000e+09 -9.338183906999999451e+00
5.458080000000000000e+09 -9.351811958000000757e+00
5.458160000000000000e+09 -9.338235476999999563e+00
5.458240000000000000e+09 -9.340921700999999189e+00
5.458320000000000000e+09 -9.349429413999999383e+00
5.458400000000000000e+09 -9.355880081000000459e+00
5.458480000000000000e+09 -9.353045045000000002e+00
5.458560000000000000e+09 -9.342674037000000098e+00
5.458640000000000000e+09 -9.362404056000000807e+00
5.458720000000000000e+09 -9.359189067999999168e+00
5.458800000000000000e+09 -9.361954536000000715e+00
5.458880000000000000e+09 -9.370569942999999569e+00
5.458960000000000000e+09 -9.364205410000000285e+00
5.459040000000000000e+09 -9.362961706000000106e+00
5.459120000000000000e+09 -9.374219245000000811e+00
5.459200000000000000e+09 -9.372161455000000529e+00
5.459280000000000000e+09 -9.381403909999999513e+00
5.459360000000000000e+09 -9.371942591999999905e+00
5.459440000000000000e+09 -9.373090744000000640e+00
5.459520000000000000e+09 -9.376397525999999871e+00
5.459600000000000000e+09 -9.387732164999999185e+00
5.459680000000000000e+09 -9.388319101000000444e+00
5.459760000000000000e+09 -9.383202597000000367e+00
5.459840000000000000e+09 -9.384543664000000618e+00
5.459920000000000000e+09 -9.387956258999999193e+00
5.460000000000000000e+09 -9.395018639999999976e+00
5.460080000000000000e+09 -9.398644509000000369e+00
5.460160000000000000e+09 -9.385936916000000352e+00
5.460240000000000000e+09 -9.400622647000000498e+00
5.460320000000000000e+09 -9.413562899000000428e+00
5.460400000000000000e+09 -9.393791315999999725e+00
5.460480000000000000e+09 -9.405192668999999839e+00
5.460560000000000000e+09 -9.407108087999999313e+00
5.460640000000000000e+09 -9.413057553999999882e+00
5.460720000000000000e+09 -9.405078717000000310e+00
5.460800000000000000e+09 -9.412047226000000322e+00
5.460880000000000000e+09 -9.419093184999999480e+00
5.460960000000000000e+09 -9.417339247999999330e+00
5.461040000000000000e+09 -9.411565001999999680e+00
5.461120000000000000e+09 -9.424340432999999351e+00
5.461200000000000000e+09 -9.413038531999999847e+00
5.461280000000000000e+09 -9.427275523000000490e+00
5.461360000000000000e+09 -9.432600026999999443e+00
5.461440000000000000e+09 -9.436047071999999147e+00
5.461520000000000000e+09 -9.434961304999999854e+00
5.461600000000000000e+09 -9.440687290999999703e+00
5.461680000000000000e+09 -9.441875411999999912e+00
5.461760000000000000e+09 -9.432121606000000824e+00
5.461840000000000000e+09 -9.445273152000000394e+00
5.461920000000000000e+09 -9.450981295000000060e+00
5.462000000000000000e+09 -9.446834682000000427e+00
5.462080000000000000e+09 -9.446498708000000022e+00
5.462160000000000000e+09 -9.453767130999999324e+00
5.462240000000000000e+09 -9.452620827000000503e+00
5.462320000000000000e+09 -9.460798931999999439e+00
5.462400000000000000e+09 -9.467455579999999316e+00
5.462480000000000000e+09 -9.464781756000000712e+00
5.462560000000000000e+09 -9.462417351999999227e+00
5.462640000000000000e+09 -9.455549428999999506e+00
5.462720000000000000e+09 -9.482720844999999343e+00
5.462800000000000000e+09 -9.479302367000000729e+00
5.462880000000000000e+09 -9.478796844999999749e+00
5.462960000000000000e+09 -9.481502875000000330e+00
5.463040000000000000e+09 -9.479247026999999548e+00
5.463120000000000000e+09 -9.472968548000000766e+00
5.463200000000000000e+09 -9.494476730000000586e+00
5.463280000000000000e+09 -9.485347864999999601e+00
5.463360000000000000e+09 -9.489536427999999191e+00
5.463440000000000000e+09 -9.485670953999999711e+00
5.463520000000000000e+09 -9.499221294999999898e+00
5.463600000000000000e+09 -9.501691484000000187e+00
5.463680000000000000e+09 -9.500274969999999541e+00
5.463760000000000000e+09 -9.506192030999999432e+00
5.463840000000000000e+09 -9.521300079999999610e+00
5.463920000000000000e+09 -9.506810177000000195e+00
5.464000000000000000e+09 -9.511888678000000041e+00
5.464080000000000000e+09 -9.509550170000000691e+00
5.464160000000000000e+09 -9.520984013999999718e+00
5.464240000000000000e+09 -9.528921202999999451e+00
5.464320000000000000e+09 -9.526018905000000814e+00
5.464400000000000000e+09 -9.531917354999999148e+00
5.464480000000000000e+09 -9.537312692000000425e+00
5.464560000000000000e+09 -9.544114345000000554e+00
5.464640000000000000e+09 -9.536203618000000048e+00
5.464720000000000000e+09 -9.543459950000000802e+00
5.464800000000000000e+09 -9.543643132999999779e+00
5.464880000000000000e+09 -9.554674964000000159e+00
5.464960000000000000e+09 -9.549630499999999245e+00
5.465040000000000000e+09 -9.557870444000000631e+00
5.465120000000000000e+09 -9.558034492000000881e+00
5.465200000000000000e+09 -9.558095343999999827e+00
5.465280000000000000e+09 -9.557871389000000661e+00
5.465360000000000000e+09 -9.580171325000000238e+00
5.465440000000000000e+09 -9.574629053000000667e+00
5.465520000000000000e+09 -9.572378302000000616e+00
5.465600000000000000e+09 -9.579684685000000144e+00
5.465680000000000000e+09 -9.583580438000000257e+00
5.465760000000000000e+09 -9.576433688999999916e+00
5.465840000000000000e+09 -9.598469730999999783e+00
5.465920000000000000e+09 -9.595506797000000532e+00
5.466000000000000000e+09 -9.602122575999999299e+00
5.466080000000000000e+09 -9.598385455000000732e+00
5.466160000000000000e+09 -9.607275275999999309e+00
5.466240000000000000e+09 -9.604614722999999188e+00
5.466320000000000000e+09 -9.622432242000000358e+00
5.466400000000000000e+09 -9.610248183999999583e+00
5.466480000000000000e+09 -9.618632657999999225e+00
5.466560000000000000e+09 -9.620766034000000744e+00
5.466640000000000000e+09 -9.630924474000000401e+00
5.466720000000000000e+09 -9.629533472000000316e+00
5.466800000000000000e+09 -9.644124110999999999e+00
5.466880000000000000e+09 -9.646234739000000502e+00
5.466960000000000000e+09 -9.651547241999999471e+00
5.467040000000000000e+09 -9.659956453999999582e+00
5.467120000000000000e+09 -9.655646648999999471e+00
5.467200000000000000e+09 -9.658007786000000650e+00
5.467280000000000000e+09 -9.658222944000000254e+00
5.467360000000000000e+09 -9.667721200000000792e+00
5.467440000000000000e+09 -9.668874798999999243e+00
5.467520000000000000e+09 -9.667118586999999152e+00
5.467600000000000000e+09 -9.685844768999999133e+00
5.467680000000000000e+09 -9.695157459000000699e+00
5.467760000000000000e+09 -9.693350328999999377e+00
5.467840000000000000e+09 -9.698767903000000246e+00
5.467920000000000000e+09 -9.711526545999999982e+00
5.468000000000000000e+09 -9.711956444000000133e+00
5.468080000000000000e+09 -9.711875145000000487e+00
5.468160000000000000e+09 -9.714790844999999564e+00
5.468240000000000000e+09 -9.718524278000000294e+00
5.468320000000000000e+09 -9.729257609999999445e+00
5.468400000000000000e+09 -9.728882266999999473e+00
5.468480000000000000e+09 -9.735289913000000794e+00
5.468560000000000000e+09 -9.749810121999999524e+00
5.468640000000000000e+09 -9.749906780999999967e+00
5.468720000000000000e+09 -9.755201122000000780e+00
5.468800000000000000e+09 -9.769206378999999885e+00
5.468880000000000000e+09 -9.769320051999999421e+00
5.468960000000000000e+09 -9.770056348000000668e+00
5.469040000000000000e+09 -9.781045395999999670e+00
5.469120000000000000e+09 -9.786926735999999849e+00
5.469200000000000000e+09 -9.791654658000000566e+00
5.469280000000000000e+09 -9.798768838999999176e+00
5.469360000000000000e+09 -9.809511989000000654e+00
5.469440000000000000e+09 -9.814884344999999399e+00
5.469520000000000000e+09 -9.824017879999999536e+00
5.469600000000000000e+09 -9.825097730999999612e+00
5.469680000000000000e+09 -9.838817303000000791e+00
5.469760000000000000e+09 -9.850872249000000025e+00
5.469840000000000000e+09 -9.852545737999999886e+00
5.469920000000000000e+09 -9.855369458000000193e+00
5.470000000000000000e+09 -9.866550572999999602e+00
5.470080000000000000e+09 -9.866589440000000266e+00
5.470160000000000000e+09 -9.883245761999999601e+00
5.470240000000000000e+09 -9.890181372000000692e+00
5.470320000000000000e+09 -9.892314108000000772e+00
5.470400000000000000e+09 -9.908160199999999307e+00
5.470480000000000000e+09 -9.913069401999999641e+00
5.470560000000000000e+09 -9.926961430000000419e+00
5.470640000000000000e+09 -9.931868766999999210e+00
5.470720000000000000e+09 -9.951171477999999126e+00
5.470800000000000000e+09 -9.951888440999999474e+00
5.470880000000000000e+09 -9.966191954999999325e+00
5.470960000000000000e+09 -9.972718835000000226e+00
5.471040000000000000e+09 -9.982567149999999501e+00
5.471120000000000000e+09 -9.977343612000000306e+00
5.471200000000000000e+09 -1.000624503000000054e+01
5.471280000000000000e+09 -1.001645339999999962e+01
5.471360000000000000e+09 -1.001610471000000047e+01
5.471440000000000000e+09 -1.003640919999999959e+01
5.471520000000000000e+09 -1.004414318999999978e+01
5.471600000000000000e+09 -1.005075938999999963e+01
5.471680000000000000e+09 -1.007152703000000038e+01
5.471760000000000000e+09 -1.008150382000000000e+01
5.471840000000000000e+09 -1.008737803000000000e+01
5.471920000000000000e+09 -1.010831697999999967e+01
5.472000000000000000e+09 -1.011723828000000047e+01
5.472080000000000000e+09 -1.013148849999999968e+01
5.472160000000000000e+09 -1.015364278999999925e+01
5.472240000000000000e+09 -1.016195410000000088e+01
5.472320000000000000e+09 -1.018179688999999932e+01
5.472400000000000000e+09 -1.018411253000000016e+01
5.472480000000000000e+09 -1.021099925000000042e+01
5.472560000000000000e+09 -1.022187736000000058e+01
5.472640000000000000e+09 -1.023737627999999944e+01
5.472720000000000000e+09 -1.025687074000000010e+01
5.472800000000000000e+09 -1.027867041000000015e+01
5.472880000000000000e+09 -1.029457720999999992e+01
5.472960000000000000e+09 -1.030792446000000062e+01
5.473040000000000000e+09 -1.033109770999999988e+01
5.473120000000000000e+09 -1.034614464999999939e+01
5.473200000000000000e+09 -1.038010696000000088e+01
5.473280000000000000e+09 -1.039108921000000052e+01
5.473360000000000000e+09 -1.041324778000000073e+01
5.473440000000000000e+09 -1.043241246000000011e+01
5.473520000000000000e+09 -1.045530332000000051e+01
5.473600000000000000e+09 -1.047846161999999914e+01
5.473680000000000000e+09 -1.051296435000000074e+01
5.473760000000000000e+09 -1.053314950000000039e+01
5.473840000000000000e+09 -1.054017097000000014e+01
5.473920000000000000e+09 -1.058026015999999991e+01
5.474000000000000000e+09 -1.059695920999999963e+01
5.474080000000000000e+09 -1.064026778999999934e+01
5.474160000000000000e+09 -1.065640005000000023e+01
5.474240000000000000e+09 -1.068390516000000012e+01
5.474320000000000000e+09 -1.072707873000000056e+01
5.474400000000000000e+09 -1.074374101999999986e+01
5.474480000000000000e+09 -1.079076388000000009e+01
5.474560000000000000e+09 -1.082424306999999963e+01
5.474640000000000000e+09 -1.086427770000000059e+01
5.474720000000000000e+09 -1.089819609999999983e+01
5.474800000000000000e+09 -1.092853032000000013e+01
5.474880000000000000e+09 -1.096582380000000079e+01
5.474960000000000000e+09 -1.100582370000000054e+01
5.475040000000000000e+09 -1.104925079000000032e+01
5.475120000000000000e+09 -1.110475613999999922e+01
5.475200000000000000e+09 -1.115193252999999984e+01
5.475280000000000000e+09 -1.118207179999999923e+01
5.475360000000000000e+09 -1.122102654000000044e+01
5.475440000000000000e+09 -1.128116844999999913e+01
5.475520000000000000e+09 -1.133632687999999966e+01
5.475600000000000000e+09 -1.138464109999999962e+01
5.475680000000000000e+09 -1.144207328999999973e+01
5.475760000000000000e+09 -1.150545340999999944e+01
5.475840000000000000e+09 -1.156100555999999990e+01
5.475920000000000000e+09 -1.161203322000000071e+01
5.476000000000000000e+09 -1.168016554000000085e+01
5.476080000000000000e+09 -1.174184005999999947e+01
5.476160000000000000e+09 -1.180426600999999920e+01
5.476240000000000000e+09 -1.188365289999999952e+01
5.476320000000000000e+09 -1.194635648999999944e+01
5.476400000000000000e+09 -1.200919571999999924e+01
5.476480000000000000e+09 -1.209198641999999957e+01
5.476560000000000000e+09 -1.216474282000000073e+01
5.476640000000000000e+09 -1.224094645999999997e+01
5.476720000000000000e+09 -1.234095922000000023e+01
5.476800000000000000e+09 -1.241037352000000027e+01
5.476880000000000000e+09 -1.247374450999999951e+01
5.476960000000000000e+09 -1.255925642999999958e+01
5.477040000000000000e+09 -1.263346519000000079e+01
5.477120000000000000e+09 -1.270114917000000077e+01
5.477200000000000000e+09 -1.278788201000000058e+01
5.477280000000000000e+09 -1.287137259000000000e+01
5.477360000000000000e+09 -1.291366975000000039e+01
5.477440000000000000e+09 -1.300011192999999921e+01
5.477520000000000000e+09 -1.306438782000000032e+01
5.477600000000000000e+09 -1.313391183000000062e+01
5.477680000000000000e+09 -1.316676147000000086e+01
5.477760000000000000e+09 -1.322134830000000072e+01
5.477840000000000000e+09 -1.325175531999999912e+01
5.477920000000000000e+09 -1.328963073000000072e+01
5.478000000000000000e+09 -1.330532207999999983e+01
5.478080000000000000e+09 -1.329989553000000058e+01
5.478160000000000000e+09 -1.331810622999999971e+01
5.478240000000000000e+09 -1.330781164999999966e+01
5.478320000000000000e+09 -1.330118065999999999e+01
5.478400000000000000e+09 -1.325120300999999934e+01
5.478480000000000000e+09 -1.319592545999999977e+01
5.478560000000000000e+09 -1.315507417000000068e+01
5.478640000000000000e+09 -1.309118984000000019e+01
5.478720000000000000e+09 -1.301443983000000060e+01
5.478800000000000000e+09 -1.293724489000000055e+01
5.478880000000000000e+09 -1.284541016999999918e+01
5.478960000000000000e+09 -1.275706457000000071e+01
5.479040000000000000e+09 -1.263059793000000042e+01
5.479120000000000000e+09 -1.254558521999999954e+01
5.479200000000000000e+09 -1.242414881999999920e+01
5.479280000000000000e+09 -1.232412028000000070e+01
5.479360000000000000e+09 -1.220527210999999923e+01
5.479440000000000000e+09 -1.210702120000000015e+01
5.479520000000000000e+09 -1.197113842000000083e+01
5.479600000000000000e+09 -1.186927923999999912e+01
5.479680000000000000e+09 -1.175475104000000037e+01
5.479760000000000000e+09 -1.164237480000000069e+01
5.479840000000000000e+09 -1.152603004999999925e+01
5.479920000000000000e+09 -1.142912759000000023e+01
5.480000000000000000e+09 -1.132994680999999915e+01
5.480080000000000000e+09 -1.121625550000000082e+01
5.480160000000000000e+09 -1.114220491999999929e+01
5.480240000000000000e+09 -1.103479661999999983e+01
5.480320000000000000e+09 -1.094431009000000010e+01
5.480400000000000000e+09 -1.086464589000000025e+01
5.480480000000000000e+09 -1.077763720999999997e+01
5.480560000000000000e+09 -1.070319630999999916e+01
5.480640000000000000e+09 -1.063628029000000019e+01
5.480720000000000000e+09 -1.055688046999999941e+01
5.480800000000000000e+09 -1.048079440999999967e+01
5.480880000000000000e+09 -1.042012345000000018e+01
5.480960000000000000e+09 -1.037211744000000024e+01
5.481040000000000000e+09 -1.030412869999999970e+01
5.481120000000000000e+09 -1.023999421000000076e+01
5.481200000000000000e+09 -1.020537606000000075e+01
5.481280000000000000e+09 -1.014003939999999915e+01
5.481360000000000000e+09 -1.010068288999999986e+01
5.481440000000000000e+09 -1.005256070000000079e+01
5.481520000000000000e+09 -1.001536843000000054e+01
5.481600000000000000e+09 -9.973426575999999599e+00
5.481680000000000000e+09 -9.940453243000000327e+00
5.481760000000000000e+09 -9.892267573999999897e+00
5.481840000000000000e+09 -9.859548816000000215e+00
5.481920000000000000e+09 -9.829393152999999828e+00
5.482000000000000000e+09 -9.788913954999999945e+00
5.482080000000000000e+09 -9.771838207000000054e+00
5.482160000000000000e+09 -9.740746008000000344e+00
5.482240000000000000e+09 -9.720848530999999682e+00
5.482320000000000000e+09 -9.688923938000000291e+00
5.482400000000000000e+09 -9.672472060000000482e+00
5.482480000000000000e+09 -9.643902839000000782e+00
5.482560000000000000e+09 -9.623642573999999783e+00
5.482640000000000000e+09 -9.599071509999999918e+00
5.482720000000000000e+09 -9.584526120999999677e+00
5.482800000000000000e+09 -9.561667127999999849e+00
5.482880000000000000e+09 -9.550447754000000344e+00
5.482960000000000000e+09 -9.528372063000000836e+00
5.483040000000000000e+09 -9.517878947999999895e+00
5.483120000000000000e+09 -9.488830080999999694e+00
5.483200000000000000e+09 -9.485668776000000690e+00
5.483280000000000000e+09 -9.481374627999999305e+00
5.483360000000000000e+09 -9.456143375999999989e+00
5.483440000000000000e+09 -9.450492101000000034e+00
5.483520000000000000e+09 -9.427521326000000812e+00
5.483600000000000000e+09 -9.424516952999999475e+00
5.483680000000000000e+09 -9.418192589000000225e+00
5.483760000000000000e+09 -9.405455121999999335e+00
5.483840000000000000e+09 -9.394845752000000161e+00
5.483920000000000000e+09 -9.388529108000000178e+00
5.484000000000000000e+09 -9.380387734999999338e+00
5.484080000000000000e+09 -9.362693545000000839e+00
5.484160000000000000e+09 -9.365906000000000731e+00
5.484240000000000000e+09 -9.360843262999999581e+00
5.484320000000000000e+09 -9.345065361999999709e+00
5.484400000000000000e+09 -9.343319057000000427e+00
5.484480000000000000e+09 -9.334207992999999703e+00
5.484560000000000000e+09 -9.332663180000000835e+00
5.484640000000000000e+09 -9.315177064000000229e+00
5.484720000000000000e+09 -9.309064301999999458e+00
5.484800000000000000e+09 -9.299629874000000740e+00
5.484880000000000000e+09 -9.296687228999999775e+00
5.484960000000000000e+09 -9.319248908000000498e+00
5.485040000000000000e+09 -9.298937819000000715e+00
5.485120000000000000e+09 -9.293301854999999279e+00
5.485200000000000000e+09 -9.280752338999999296e+00
5.485280000000000000e+09 -9.291656143000000867e+00
5.485360000000000000e+09 -9.282695186999999848e+00
5.485440000000000000e+09 -9.273019740000000510e+00
5.485520000000000000e+09 -9.269677171999999743e+00
5.485600000000000000e+09 -9.264709190999999677e+00
5.485680000000000000e+09 -9.278507890000000202e+00
5.485760000000000000e+09 -9.264307544999999422e+00
5.485840000000000000e+09 -9.260570590000000379e+00
5.485920000000000000e+09 -9.263849364000000364e+00
5.486000000000000000e+09 -9.255304806999999911e+00
5.486080000000000000e+09 -9.261200239000000778e+00
5.486160000000000000e+09 -9.254498227999999216e+00
5.486240000000000000e+09 -9.245602257999999907e+00
5.486320000000000000e+09 -9.245174989000000565e+00
5.486400000000000000e+09 -9.247231817999999492e+00
5.486480000000000000e+09 -9.244935751999999951e+00
5.486560000000000000e+09 -9.244570884999999905e+00
5.486640000000000000e+09 -9.239114264999999548e+00
5.486720000000000000e+09 -9.227088210999999873e+00
5.486800000000000000e+09 -9.219728490999999693e+00
5.486880000000000000e+09 -9.232702310000000523e+00
5.486960000000000000e+09 -9.225280327000000113e+00
5.487040000000000000e+09 -9.225027587999999668e+00
5.487120000000000000e+09 -9.236079068000000447e+00
5.487200000000000000e+09 -9.231188411999999843e+00
5.487280000000000000e+09 -9.240399876999999762e+00
5.487360000000000000e+09 -9.229755838000000878e+00
5.487440000000000000e+09 -9.220427601000000806e+00
5.487520000000000000e+09 -9.220259955999999590e+00
5.487600000000000000e+09 -9.226859686999999255e+00
5.487680000000000000e+09 -9.220099208000000601e+00
5.487760000000000000e+09 -9.228071205999999194e+00
5.487840000000000000e+09 -9.215824074000000365e+00
5.487920000000000000e+09 -9.220939433999999935e+00
5.488000000000000000e+09 -9.207044512999999597e+00
5.488080000000000000e+09 -9.221813287999999886e+00
5.488160000000000000e+09 -9.216705341999999135e+00
5.488240000000000000e+09 -9.219824377000000126e+00
5.488320000000000000e+09 -9.217977867000000103e+00
5.488400000000000000e+09 -9.213331006000000656e+00
5.488480000000000000e+09 -9.222498575999999559e+00
5.488560000000000000e+09 -9.214013008000000227e+00
5.488640000000000000e+09 -9.211471483000000404e+00
5.488720000000000000e+09 -9.215203423000000171e+00
5.488800000000000000e+09 -9.212108135999999448e+00
5.488880000000000000e+09 -9.219982791999999705e+00
5.488960000000000000e+09 -9.218462752000000648e+00
5.489040000000000000e+09 -9.205242605000000466e+00
5.489120000000000000e+09 -9.216041184999999913e+00
5.489200000000000000e+09 -9.208315172000000715e+00
5.489280000000000000e+09 -9.213344104000000812e+00
5.489360000000000000e+09 -9.209491320999999786e+00
5.489440000000000000e+09 -9.203296770999999765e+00
5.489520000000000000e+09 -9.212064331000000550e+00
5.489600000000000000e+09 -9.214673191999999347e+00
5.489680000000000000e+09 -9.210767879000000491e+00
5.489760000000000000e+09 -9.211889177999999845e+00
5.489840000000000000e+09 -9.209626859000000110e+00
5.489920000000000000e+09 -9.210349893000000066e+00
5.490000000000000000e+09 -9.210693263999999658e+00
5.490080000000000000e+09 -9.202324537000000859e+00
5.490160000000000000e+09 -9.212737684000000371e+00
5.490240000000000000e+09 -9.200563066999999151e+00
5.490320000000000000e+09 -9.219515344999999584e+00
5.490400000000000000e+09 -9.205478541999999820e+00
5.490480000000000000e+09 -9.220555085999999179e+00
5.490560000000000000e+09 -9.204224613999999249e+00
5.490640000000000000e+09 -9.218047064000000290e+00
5.490720000000000000e+09 -9.207631126000000776e+00
5.490800000000000000e+09 -9.212919745000000660e+00
5.490880000000000000e+09 -9.213366742999999914e+00
5.490960000000000000e+09 -9.217340010999999222e+00
5.491040000000000000e+09 -9.222367095999999265e+00
5.491120000000000000e+09 -9.216589088999999291e+00
5.491200000000000000e+09 -9.214144737999999890e+00
5.491280000000000000e+09 -9.204068431999999689e+00
5.491360000000000000e+09 -9.215044193000000661e+00
5.491440000000000000e+09 -9.208233120999999244e+00
5.491520000000000000e+09 -9.208595111999999361e+00
5.491600000000000000e+09 -9.209812704000000849e+00
5.491680000000000000e+09 -9.208785640000000328e+00
5.491760000000000000e+09 -9.219900396999999970e+00
5.491840000000000000e+09 -9.223870657999999167e+00
5.491920000000000000e+09 -9.211747974999999755e+00
5.492000000000000000e+09 -9.216862954999999857e+00
5.492080000000000000e+09 -9.211645805999999936e+00
5.492160000000000000e+09 -9.218522954999999186e+00
5.492240000000000000e+09 -9.222906315999999549e+00
5.492320000000000000e+09 -9.212153385000000583e+00
5.492400000000000000e+09 -9.220020255999999748e+00
5.492480000000000000e+09 -9.208380447999999774e+00
5.492560000000000000e+09 -9.227949329999999506e+00
5.492640000000000000e+09 -9.218987744999999734e+00
5.492720000000000000e+09 -9.223845902000000763e+00
5.492800000000000000e+09 -9.227883743999999666e+00
5.492880000000000000e+09 -9.209720993999999550e+00
5.492960000000000000e+09 -9.222297251000000529e+00
5.493040000000000000e+09 -9.211991015000000615e+00
5.493120000000000000e+09 -9.227088999999999430e+00
5.493200000000000000e+09 -9.233410509000000488e+00
5.493280000000000000e+09 -9.226050182999999905e+00
5.493360000000000000e+09 -9.218005800000000249e+00
5.493440000000000000e+09 -9.229014424000000716e+00
5.493520000000000000e+09 -9.224006723000000463e+00
5.493600000000000000e+09 -9.216603033000000167e+00
5.493680000000000000e+09 -9.224901515000000884e+00
5.493760000000000000e+09 -9.228393387000000558e+00
5.493840000000000000e+09 -9.214579363000000356e+00
5.493920000000000000e+09 -9.230170000999999402e+00
5.494000000000000000e+09 -9.219553836999999419e+00
5.494080000000000000e+09 -9.221830430000000689e+00
5.494160000000000000e+09 -9.232066928000000061e+00
5.494240000000000000e+09 -9.227501694000000754e+00
5.494320000000000000e+09 -9.231401144999999531e+00
5.494400000000000000e+09 -9.237478458000000003e+00
5.494480000000000000e+09 -9.229809778999999992e+00
5.494560000000000000e+09 -9.232535115999999320e+00
5.494640000000000000e+09 -9.233914864999999139e+00
5.494720000000000000e+09 -9.232422280999999842e+00
5.494800000000000000e+09 -9.239267486999999335e+00
5.494880000000000000e+09 -9.235389023999999836e+00
5.494960000000000000e+09 -9.239653071999999412e+00
5.495040000000000000e+09 -9.235295669999999291e+00
5.495120000000000000e+09 -9.241574853999999561e+00
5.495200000000000000e+09 -9.249148339999999635e+00
5.495280000000000000e+09 -9.240336300999999253e+00
5.495360000000000000e+09 -9.244780655999999652e+00
5.495440000000000000e+09 -9.243804265999999714e+00
5.495520000000000000e+09 -9.233992941000000343e+00
5.495600000000000000e+09 -9.253528187000000571e+00
5.495680000000000000e+09 -9.252169995999999230e+00
5.495760000000000000e+09 -9.250030690000000888e+00
5.495840000000000000e+09 -9.244342118000000497e+00
5.495920000000000000e+09 -9.245483794000000088e+00
5.496000000000000000e+09 -9.247886663999999257e+00
5.496080000000000000e+09 -9.245653838999999152e+00
5.496160000000000000e+09 -9.245303522000000385e+00
5.496240000000000000e+09 -9.249660345000000561e+00
5.496320000000000000e+09 -9.256711543999999847e+00
5.496400000000000000e+09 -9.247778932999999313e+00
5.496480000000000000e+09 -9.248798043000000746e+00
5.496560000000000000e+09 -9.256525054999999114e+00
5.496640000000000000e+09 -9.252269825999999142e+00
5.496720000000000000e+09 -9.257887208999999729e+00
5.496800000000000000e+09 -9.262165383999999335e+00
5.496880000000000000e+09 -9.256113283999999553e+00
5.496960000000000000e+09 -9.259501189999999937e+00
5.497040000000000000e+09 -9.256586378999999809e+00
5.497120000000000000e+09 -9.259723692999999756e+00
5.497200000000000000e+09 -9.258252212000000370e+00
5.497280000000000000e+09 -9.262522754000000802e+00
5.497360000000000000e+09 -9.258927725999999581e+00
5.497440000000000000e+09 -9.271296302999999739e+00
5.497520000000000000e+09 -9.258944234999999523e+00
5.497600000000000000e+09 -9.255259428000000455e+00
5.497680000000000000e+09 -9.260785780000000855e+00
5.497760000000000000e+09 -9.272345388999999827e+00
5.497840000000000000e+09 -9.270932442999999523e+00
5.497920000000000000e+09 -9.269566655000000210e+00
5.498000000000000000e+09 -9.268350912000000719e+00
5.498080000000000000e+09 -9.269575078000000801e+00
5.498160000000000000e+09 -9.266849612999999763e+00
5.498240000000000000e+09 -9.263084020999999169e+00
5.498320000000000000e+09 -9.281077860999999984e+00
5.498400000000000000e+09 -9.278864941000000144e+00
5.498480000000000000e+09 -9.276788048000000231e+00
5.498560000000000000e+09 -9.274074951999999428e+00
5.498640000000000000e+09 -9.286667306000000011e+00
5.498720000000000000e+09 -9.284884182000000763e+00
5.498800000000000000e+09 -9.274254746000000438e+00
5.498880000000000000e+09 -9.277935982000000692e+00
5.498960000000000000e+09 -9.290362066000000141e+00
5.499040000000000000e+09 -9.269316123999999490e+00
5.499120000000000000e+09 -9.293549690000000751e+00
5.499200000000000000e+09 -9.284441119000000242e+00
5.499280000000000000e+09 -9.286828531999999470e+00
5.499360000000000000e+09 -9.288574917000000042e+00
5.499440000000000000e+09 -9.284921723000000071e+00
5.499520000000000000e+09 -9.289852497000000042e+00
5.499600000000000000e+09 -9.288609632000000005e+00
5.499680000000000000e+09 -9.295341549999999842e+00
5.499760000000000000e+09 -9.287320515999999415e+00
5.499840000000000000e+09 -9.288160621999999478e+00
5.499920000000000000e+09 -9.291251909999999725e+00
5.500000000000000000e+09 -9.305708752999999334e+00
5.500080000000000000e+09 -9.299820859000000439e+00
5.500160000000000000e+09 -9.296249510000000882e+00
5.500240000000000000e+09 -9.299431097999999452e+00
5.500320000000000000e+09 -9.301157288000000634e+00
5.500400000000000000e+09 -9.300832166999999373e+00
5.500480000000000000e+09 -9.303441723000000607e+00
5.500560000000000000e+09 -9.302205142000000038e+00
5.500640000000000000e+09 -9.310405073000000087e+00
5.500720000000000000e+09 -9.306206888000000177e+00
5.500800000000000000e+09 -9.308707466999999625e+00
5.500880000000000000e+09 -9.306742755000000145e+00
5.500960000000000000e+09 -9.317155084999999559e+00
5.501040000000000000e+09 -9.307287673999999456e+00
5.501120000000000000e+09 -9.303394437999999766e+00
5.501200000000000000e+09 -9.308918771000000092e+00
5.501280000000000000e+09 -9.311933190999999610e+00
5.501360000000000000e+09 -9.324189562000000819e+00
5.501440000000000000e+09 -9.314193619999999285e+00
5.501520000000000000e+09 -9.310326669000000166e+00
5.501600000000000000e+09 -9.327610434000000339e+00
5.501680000000000000e+09 -9.319397147000000103e+00
5.501760000000000000e+09 -9.319754674000000350e+00
5.501840000000000000e+09 -9.315992812999999373e+00
5.501920000000000000e+09 -9.324880598000000020e+00
5.502000000000000000e+09 -9.329431918999999240e+00
5.502080000000000000e+09 -9.321999573999999456e+00
5.502160000000000000e+09 -9.325987052000000332e+00
5.502240000000000000e+09 -9.325528605000000582e+00
5.502320000000000000e+09 -9.331776655000000531e+00
5.502400000000000000e+09 -9.327020111999999585e+00
5.502480000000000000e+09 -9.328695612000000636e+00
5.502560000000000000e+09 -9.329560605999999368e+00
5.502640000000000000e+09 -9.329356930999999520e+00
5.502720000000000000e+09 -9.333027057000000681e+00
5.502800000000000000e+09 -9.340479155000000588e+00
5.502880000000000000e+09 -9.337671808999999712e+00
5.502960000000000000e+09 -9.343043081999999444e+00
5.503040000000000000e+09 -9.342877859999999757e+00
5.503120000000000000e+09 -9.348147861999999364e+00
5.503200000000000000e+09 -9.344509369000000731e+00
5.503280000000000000e+09 -9.352637721000000681e+00
5.503360000000000000e+09 -9.344044739999999294e+00
5.503440000000000000e+09 -9.340369151000000869e+00
5.503520000000000000e+09 -9.352276758000000356e+00
5.503600000000000000e+09 -9.342210723999999189e+00
5.503680000000000000e+09 -9.363615662000000839e+00
5.503760000000000000e+09 -9.352006916000000558e+00
5.503840000000000000e+09 -9.353897579999999934e+00
5.503920000000000000e+09 -9.355072945999999945e+00
5.504000000000000000e+09 -9.363276879000000719e+00
5.504080000000000000e+09 -9.353306999999999150e+00
5.504160000000000000e+09 -9.369060418000000112e+00
5.504240000000000000e+09 -9.351268431999999464e+00
5.504320000000000000e+09 -9.348638987999999372e+00
5.504400000000000000e+09 -9.358272678000000511e+00
5.504480000000000000e+09 -9.360487076000000073e+00
5.504560000000000000e+09 -9.356617609000000613e+00
5.504640000000000000e+09 -9.358730696000000293e+00
5.504720000000000000e+09 -9.354753498999999195e+00
5.504800000000000000e+09 -9.376095959000000590e+00
5.504880000000000000e+09 -9.370765975999999498e+00
5.504960000000000000e+09 -9.361585787999999297e+00
5.505040000000000000e+09 -9.363173099000000832e+00
5.505120000000000000e+09 -9.365409393000000193e+00
5.505200000000000000e+09 -9.365262581999999725e+00
5.505280000000000000e+09 -9.372187126000000035e+00
5.505360000000000000e+09 -9.373705466000000541e+00
5.505440000000000000e+09 -9.370371469000000175e+00
5.505520000000000000e+09 -9.371640927999999704e+00
5.505600000000000000e+09 -9.375825395999999756e+00
5.505680000000000000e+09 -9.375733018000000030e+00
5.505760000000000000e+09 -9.369458245000000574e+00
5.505840000000000000e+09 -9.374418743999999748e+00
5.505920000000000000e+09 -9.378785647000000836e+00
5.506000000000000000e+09 -9.374780548000000380e+00
5.506080000000000000e+09 -9.376857500999999928e+00
5.506160000000000000e+09 -9.381212946999999858e+00
5.506240000000000000e+09 -9.375516584999999736e+00
5.506320000000000000e+09 -9.390152421999999888e+00
5.506400000000000000e+09 -9.374360055000000358e+00
5.506480000000000000e+09 -9.392735027000000514e+00
5.506560000000000000e+09 -9.393598246999999901e+00
5.506640000000000000e+09 -9.387659384000000884e+00
5.506720000000000000e+09 -9.392674834999999334e+00
5.506800000000000000e+09 -9.388958413999999308e+00
5.506880000000000000e+09 -9.390637584000000260e+00
5.506960000000000000e+09 -9.388655840000000197e+00
5.507040000000000000e+09 -9.400774746999999820e+00
5.507120000000000000e+09 -9.392720628999999377e+00
5.507200000000000000e+09 -9.389102786000000478e+00
5.507280000000000000e+09 -9.394618967999999626e+00
5.507360000000000000e+09 -9.388924197999999777e+00
5.507440000000000000e+09 -9.404754642000000331e+00
5.507520000000000000e+09 -9.389421392999999227e+00
5.507600000000000000e+09 -9.389322315999999446e+00
5.507680000000000000e+09 -9.400906692999999592e+00
5.507760000000000000e+09 -9.401697785999999724e+00
5.507840000000000000e+09 -9.403895677999999592e+00
5.507920000000000000e+09 -9.400441594000000123e+00
5.508000000000000000e+09 -9.386223533000000785e+00
5.508080000000000000e+09 -9.409251391999999825e+00
5.508160000000000000e+09 -9.406393258999999674e+00
5.508240000000000000e+09 -9.404349709999999973e+00
5.508320000000000000e+09 -9.404843542000000056e+00
5.508400000000000000e+09 -9.395695321999999905e+00
5.508480000000000000e+09 -9.400095980999999767e+00
5.508560000000000000e+09 -9.404857793999999771e+00
5.508640000000000000e+09 -9.406722071000000795e+00
5.508720000000000000e+09 -9.409369201000000515e+00
5.508800000000000000e+09 -9.404710998000000544e+00
5.508880000000000000e+09 -9.409932120000000566e+00
5.508960000000000000e+09 -9.416985200999999250e+00
5.509040000000000000e+09 -9.412812079000000054e+00
5.509120000000000000e+09 -9.419965679000000591e+00
5.509200000000000000e+09 -9.408685447999999951e+00
5.509280000000000000e+09 -9.400297577999999987e+00
5.509360000000000000e+09 -9.413497702000000800e+00
5.509440000000000000e+09 -9.406667502999999542e+00
5.509520000000000000e+09 -9.414426811000000228e+00
5.509600000000000000e+09 -9.423950487000000820e+00
5.509680000000000000e+09 -9.418481938999999414e+00
5.509760000000000000e+09 -9.422158674000000289e+00
5.509840000000000000e+09 -9.429931975000000577e+00
5.509920000000000000e+09 -9.410846268000000236e+00
5.510000000000000000e+09 -9.418735178000000374e+00
5.510080000000000000e+09 -9.412614723000000794e+00
5.510160000000000000e+09 -9.418905338000000071e+00
5.510240000000000000e+09 -9.414793015000000764e+00
5.510320000000000000e+09 -9.415854496999999768e+00
5.510400000000000000e+09 -9.420854485999999639e+00
5.510480000000000000e+09 -9.417353110000000527e+00
5.510560000000000000e+09 -9.417773766999999907e+00
5.510640000000000000e+09 -9.418106592000000887e+00
5.510720000000000000e+09 -9.418409716999999404e+00
5.510800000000000000e+09 -9.427624749999999665e+00
5.510880000000000000e+09 -9.424694470000000379e+00
5.510960000000000000e+09 -9.416835691999999369e+00
5.511040000000000000e+09 -9.426784550000000706e+00
5.511120000000000000e+09 -9.428132493999999753e+00
5.511200000000000000e+09 -9.435886547000000846e+00
5.511280000000000000e+09 -9.429032159000000135e+00
5.511360000000000000e+09 -9.433997190999999560e+00
5.511440000000000000e+09 -9.426321602999999882e+00
5.511520000000000000e+09 -9.422373099999999724e+00
5.511600000000000000e+09 -9.430237797000000199e+00
5.511680000000000000e+09 -9.430391286000000761e+00
5.511760000000000000e+09 -9.433942193000000032e+00
5.511840000000000000e+09 -9.424190805000000282e+00
5.511920000000000000e+09 -9.425614686999999492e+00
5.512000000000000000e+09 -9.425255334999999235e+00
5.512080000000000000e+09 -9.427739679000000095e+00
5.512160000000000000e+09 -9.426293244000000016e+00
5.512240000000000000e+09 -9.426604639000000674e+00
5.512320000000000000e+09 -9.426833761999999339e+00
5.512400000000000000e+09 -9.428691230000000090e+00
5.512480000000000000e+09 -9.425231961999999797e+00
5.512560000000000000e+09 -9.439376809000000534e+00
5.512640000000000000e+09 -9.427710224000000139e+00
5.512720000000000000e+09 -9.433382175000000203e+00
5.512800000000000000e+09 -9.431383627000000658e+00
5.512880000000000000e+09 -9.440082400999999734e+00
5.512960000000000000e+09 -9.427737532000000087e+00
5.513040000000000000e+09 -9.436600893999999684e+00
5.513120000000000000e+09 -9.440295811000000370e+00
5.513200000000000000e+09 -9.433823858000000229e+00
5.513280000000000000e+09 -9.426267998000000148e+00
5.513360000000000000e+09 -9.434709484000000757e+00
5.513440000000000000e+09 -9.433889278000000544e+00
5.513520000000000000e+09 -9.434687516000000329e+00
5.513600000000000000e+09 -9.437918221000000329e+00
5.513680000000000000e+09 -9.437336656999999462e+00
5.513760000000000000e+09 -9.440990884999999722e+00
5.513840000000000000e+09 -9.433617202000000646e+00
5.513920000000000000e+09 -9.430429205999999454e+00
5.514000000000000000e+09 -9.426932317000000339e+00
5.514080000000000000e+09 -9.433005077000000682e+00
5.514160000000000000e+09 -9.433423027999999988e+00
5.514240000000000000e+09 -9.430675101000000282e+00
5.514320000000000000e+09 -9.427224754999999234e+00
5.514400000000000000e+09 -9.435082401000000729e+00
5.514480000000000000e+09 -9.432990753000000339e+00
5.514560000000000000e+09 -9.429901116999999999e+00
5.514640000000000000e+09 -9.427946957999999711e+00
5.514720000000000000e+09 -9.434324067000000369e+00
5.514800000000000000e+09 -9.438872811999999612e+00
5.514880000000000000e+09 -9.426899530000000027e+00
5.514960000000000000e+09 -9.434119571000000093e+00
5.515040000000000000e+09 -9.432090930999999401e+00
5.515120000000000000e+09 -9.427433246999999739e+00
5.515200000000000000e+09 -9.438952100999999928e+00
5.515280000000000000e+09 -9.439358493000000294e+00
5.515360000000000000e+09 -9.422962771999999987e+00
5.515440000000000000e+09 -9.432540883999999792e+00
5.515520000000000000e+09 -9.432490989999999798e+00
5.515600000000000000e+09 -9.439279430999999221e+00
5.515680000000000000e+09 -9.431284768999999457e+00
5.515760000000000000e+09 -9.421040544000000239e+00
5.515840000000000000e+09 -9.431637062000000071e+00
5.515920000000000000e+09 -9.433688490999999843e+00
5.516000000000000000e+09 -9.432038953999999364e+00
5.516080000000000000e+09 -9.437394840999999701e+00
5.516160000000000000e+09 -9.438040299000000743e+00
5.516240000000000000e+09 -9.425541545999999826e+00
5.516320000000000000e+09 -9.427703534999999135e+00
5.516400000000000000e+09 -9.434142637000000775e+00
5.516480000000000000e+09 -9.433008983000000569e+00
5.516560000000000000e+09 -9.436791167000000868e+00
5.516640000000000000e+09 -9.426111633999999739e+00
5.516720000000000000e+09 -9.423976364999999689e+00
5.516800000000000000e+09 -9.430331774000000777e+00
5.516880000000000000e+09 -9.423508010999999129e+00
5.516960000000000000e+09 -9.434283537000000663e+00
5.517040000000000000e+09 -9.440259563999999770e+00
5.517120000000000000e+09 -9.441942569000000063e+00
5.517200000000000000e+09 -9.429390142999999114e+00
5.517280000000000000e+09 -9.441137400000000568e+00
5.517360000000000000e+09 -9.429604755999999810e+00
5.517440000000000000e+09 -9.418601888999999616e+00
5.517520000000000000e+09 -9.428828280999999478e+00
5.517600000000000000e+09 -9.433101947999999126e+00
5.517680000000000000e+09 -9.426711922000000854e+00
5.517760000000000000e+09 -9.432205452999999906e+00
5.517840000000000000e+09 -9.422718383999999503e+00
5.517920000000000000e+09 -9.433284473000000503e+00
5.518000000000000000e+09 -9.413866531000000037e+00
5.518080000000000000e+09 -9.417000105999999704e+00
5.518160000000000000e+09 -9.431733329000000055e+00
5.518240000000000000e+09 -9.428809618000000725e+00
5.518320000000000000e+09 -9.429525128999999950e+00
5.518400000000000000e+09 -9.426560155000000663e+00
5.518480000000000000e+09 -9.426115397000000229e+00
5.518560000000000000e+09 -9.433687754999999342e+00
5.518640000000000000e+09 -9.430512237000000297e+00
5.518720000000000000e+09 -9.428050121000000061e+00
5.518800000000000000e+09 -9.418295429000000496e+00
5.518880000000000000e+09 -9.405424486999999445e+00
5.518960000000000000e+09 -9.421460807000000770e+00
5.519040000000000000e+09 -9.419622585000000825e+00
5.519120000000000000e+09 -9.404208436999999421e+00
5.519200000000000000e+09 -9.424989437000000692e+00
5.519280000000000000e+09 -9.421261698000000351e+00
5.519360000000000000e+09 -9.418149604999999980e+00
5.519440000000000000e+09 -9.415602798000000107e+00
5.519520000000000000e+09 -9.413534496000000473e+00
5.519600000000000000e+09 -9.421444150999999323e+00
5.519680000000000000e+09 -9.423526905999999315e+00
5.519760000000000000e+09 -9.412677476000000709e+00
5.519840000000000000e+09 -9.413723234000000772e+00
5.519920000000000000e+09 -9.418240370999999556e+00
5.520000000000000000e+09 -9.410477973000000773e+00
