5.440000000000000000e+09 -9.104017757999999461e+00
5.440080000000000000e+09 -9.107005744000000291e+00
5.440160000000000000e+09 -9.109356273999999587e+00
5.440240000000000000e+09 -9.109121102999999664e+00
5.440320000000000000e+09 -9.109201246999999668e+00
5.440400000000000000e+09 -9.111112317999999988e+00
5.440480000000000000e+09 -9.111834185999999391e+00
5.440560000000000000e+09 -9.113003168000000542e+00
5.440640000000000000e+09 -9.111963370999999867e+00
5.440720000000000000e+09 -9.112796925999999686e+00
5.440800000000000000e+09 -9.113147343999999705e+00
5.440880000000000000e+09 -9.113200572000000221e+00
5.440960000000000000e+09 -9.114655916000000246e+00
5.441040000000000000e+09 -9.112489882000000208e+00
5.441120000000000000e+09 -9.114930409999999483e+00
5.441200000000000000e+09 -9.116969221999999817e+00
5.441280000000000000e+09 -9.116023237000000279e+00
5.441360000000000000e+09 -9.117565630999999726e+00
5.441440000000000000e+09 -9.119244653000000866e+00
5.441520000000000000e+09 -9.117114080000000342e+00
5.441600000000000000e+09 -9.116087179000000873e+00
5.441680000000000000e+09 -9.119014399999999299e+00
5.441760000000000000e+09 -9.118876829999999600e+00
5.441840000000000000e+09 -9.118364524000000415e+00
5.441920000000000000e+09 -9.119918848999999383e+00
5.442000000000000000e+09 -9.118907103999999819e+00
5.442080000000000000e+09 -9.119666713000000868e+00
5.442160000000000000e+09 -9.118518549999999223e+00
5.442240000000000000e+09 -9.121744600999999619e+00
5.442320000000000000e+09 -9.120003331999999574e+00
5.442400000000000000e+09 -9.121670917999999517e+00
5.442480000000000000e+09 -9.120769097000000158e+00
5.442560000000000000e+09 -9.122633878000000252e+00
5.442640000000000000e+09 -9.124684485999999595e+00
5.442720000000000000e+09 -9.123725197000000620e+00
5.442800000000000000e+09 -9.124565070999999250e+00
5.442880000000000000e+09 -9.124279187999999152e+00
5.442960000000000000e+09 -9.124552802000000185e+00
5.443040000000000000e+09 -9.123833404999999175e+00
5.443120000000000000e+09 -9.124526080000000761e+00
5.443200000000000000e+09 -9.125105315000000772e+00
5.443280000000000000e+09 -9.124470247999999728e+00
5.443360000000000000e+09 -9.126152741000000290e+00
5.443440000000000000e+09 -9.141988350000000096e+00
5.443520000000000000e+09 -9.126632852000000184e+00
5.443600000000000000e+09 -9.126944300999999982e+00
5.443680000000000000e+09 -9.129794715999999255e+00
5.443760000000000000e+09 -9.127056885000000008e+00
5.443840000000000000e+09 -9.131105640999999551e+00
5.443920000000000000e+09 -9.132775884000000843e+00
5.444000000000000000e+09 -9.128488825999999889e+00
5.444080000000000000e+09 -9.131321506000000809e+00
5.444160000000000000e+09 -9.132224539999999280e+00
5.444240000000000000e+09 -9.134889958000000476e+00
5.444320000000000000e+09 -9.132959049000000107e+00
5.444400000000000000e+09 -9.135130721999999537e+00
5.444480000000000000e+09 -9.134669289999999719e+00
5.444560000000000000e+09 -9.135803642999999141e+00
5.444640000000000000e+09 -9.137556642999999923e+00
5.444720000000000000e+09 -9.136047392000000045e+00
5.444800000000000000e+09 -9.136188177999999382e+00
5.444880000000000000e+09 -9.137179311000000581e+00
5.444960000000000000e+09 -9.139381394000000824e+00
5.445040000000000000e+09 -9.139696833000000353e+00
5.445120000000000000e+09 -9.139614111000000207e+00
5.445200000000000000e+09 -9.138582208000000762e+00
5.445280000000000000e+09 -9.141024785000000819e+00
5.445360000000000000e+09 -9.141591704999999735e+00
5.445440000000000000e+09 -9.140737208999999197e+00
5.445520000000000000e+09 -9.140620247999999393e+00
5.445600000000000000e+09 -9.143041082999999958e+00
5.445680000000000000e+09 -9.146243399999999468e+00
5.445760000000000000e+09 -9.146263444000000575e+00
5.445840000000000000e+09 -9.144061995999999581e+00
5.445920000000000000e+09 -9.145756313999999776e+00
5.446000000000000000e+09 -9.147738280000000444e+00
5.446080000000000000e+09 -9.148739073999999860e+00
5.446160000000000000e+09 -9.150176610999999127e+00
5.446240000000000000e+09 -9.150624017000000165e+00
5.446320000000000000e+09 -9.151085760000000846e+00
5.446400000000000000e+09 -9.150891646999999907e+00
5.446480000000000000e+09 -9.152028905999999964e+00
5.446560000000000000e+09 -9.149177966999999967e+00
5.446640000000000000e+09 -9.153714472000000768e+00
5.446720000000000000e+09 -9.154989774000000580e+00
5.446800000000000000e+09 -9.155542977999999721e+00
5.446880000000000000e+09 -9.157183758000000395e+00
5.446960000000000000e+09 -9.158440464999999975e+00
5.447040000000000000e+09 -9.159519618999999224e+00
5.447120000000000000e+09 -9.160886234999999544e+00
5.447200000000000000e+09 -9.161426108000000568e+00
5.447280000000000000e+09 -9.160233888000000491e+00
5.447360000000000000e+09 -9.163190721999999511e+00
5.447440000000000000e+09 -9.163385942999999756e+00
5.447520000000000000e+09 -9.165739664000000175e+00
5.447600000000000000e+09 -9.165896130000000142e+00
5.447680000000000000e+09 -9.167001113999999617e+00
5.447760000000000000e+09 -9.168085910000000283e+00
5.447840000000000000e+09 -9.169848960999999576e+00
5.447920000000000000e+09 -9.168920781000000630e+00
5.448000000000000000e+09 -9.171915996999999265e+00
5.448080000000000000e+09 -9.170377017999999936e+00
5.448160000000000000e+09 -9.174199890000000579e+00
5.448240000000000000e+09 -9.175400378999999162e+00
5.448320000000000000e+09 -9.177086025999999563e+00
5.448400000000000000e+09 -9.176006252000000529e+00
5.448480000000000000e+09 -9.177347744000000418e+00
5.448560000000000000e+09 -9.179683558000000687e+00
5.448640000000000000e+09 -9.180803674999999942e+00
5.448720000000000000e+09 -9.180729773999999566e+00
5.448800000000000000e+09 -9.179901569000000094e+00
5.448880000000000000e+09 -9.182152715000000853e+00
5.448960000000000000e+09 -9.184179590999999476e+00
5.449040000000000000e+09 -9.186422114000000860e+00
5.449120000000000000e+09 -9.187504154999999173e+00
5.449200000000000000e+09 -9.184586130999999654e+00
5.449280000000000000e+09 -9.190209167000000789e+00
5.449360000000000000e+09 -9.193111224000000803e+00
5.449440000000000000e+09 -9.189924243000000104e+00
5.449520000000000000e+09 -9.191594142999999661e+00
5.449600000000000000e+09 -9.193333158999999810e+00
5.449680000000000000e+09 -9.195495577999999171e+00
5.449760000000000000e+09 -9.194391461000000376e+00
5.449840000000000000e+09 -9.198398103000000603e+00
5.449920000000000000e+09 -9.198679500000000786e+00
5.450000000000000000e+09 -9.200685105999999891e+00
5.450080000000000000e+09 -9.201053419999999150e+00
5.450160000000000000e+09 -9.200017731000000865e+00
5.450240000000000000e+09 -9.201063166000000848e+00
5.450320000000000000e+09 -9.204426736000000275e+00
5.450400000000000000e+09 -9.205226536999999709e+00
5.450480000000000000e+09 -9.204896092000000252e+00
5.450560000000000000e+09 -9.207756476000000134e+00
5.450640000000000000e+09 -9.209546275999999310e+00
5.450720000000000000e+09 -9.210588266000000246e+00
5.450800000000000000e+09 -9.213481320999999724e+00
5.450880000000000000e+09 -9.214492600999999894e+00
5.450960000000000000e+09 -9.213893448000000319e+00
5.451040000000000000e+09 -9.216653650999999670e+00
5.451120000000000000e+09 -9.214991179000000088e+00
5.451200000000000000e+09 -9.216534983000000736e+00
5.451280000000000000e+09 -9.217640087999999565e+00
5.451360000000000000e+09 -9.221903418000000130e+00
5.451440000000000000e+09 -9.221488015000000260e+00
5.451520000000000000e+09 -9.223134720999999203e+00
5.451600000000000000e+09 -9.225112663000000879e+00
5.451680000000000000e+09 -9.227217471999999532e+00
5.451760000000000000e+09 -9.228117621000000881e+00
5.451840000000000000e+09 -9.232431958999999466e+00
5.451920000000000000e+09 -9.229686171000000883e+00
5.452000000000000000e+09 -9.232658779999999510e+00
5.452080000000000000e+09 -9.232595499000000316e+00
5.452160000000000000e+09 -9.234363186999999584e+00
5.452240000000000000e+09 -9.236963476999999756e+00
5.452320000000000000e+09 -9.237296649999999332e+00
5.452400000000000000e+09 -9.239870543000000325e+00
5.452480000000000000e+09 -9.241256234999999819e+00
5.452560000000000000e+09 -9.242955964000000080e+00
5.452640000000000000e+09 -9.242516387000000222e+00
5.452720000000000000e+09 -9.244798618000000801e+00
5.452800000000000000e+09 -9.248487953999999789e+00
5.452880000000000000e+09 -9.246415816000000731e+00
5.452960000000000000e+09 -9.246782899999999472e+00
5.453040000000000000e+09 -9.251004645000000082e+00
5.453120000000000000e+09 -9.253612501999999296e+00
5.453200000000000000e+09 -9.253570494999999951e+00
5.453280000000000000e+09 -9.253120330999999865e+00
5.453360000000000000e+09 -9.255465325999999493e+00
5.453440000000000000e+09 -9.257664927000000432e+00
5.453520000000000000e+09 -9.258541772999999253e+00
5.453600000000000000e+09 -9.260258347000000612e+00
5.453680000000000000e+09 -9.262495380000000722e+00
5.453760000000000000e+09 -9.263148863999999705e+00
5.453840000000000000e+09 -9.263973957999999342e+00
5.453920000000000000e+09 -9.267699435000000818e+00
5.454000000000000000e+09 -9.286618760999999722e+00
5.454080000000000000e+09 -9.311148625999999595e+00
5.454160000000000000e+09 -9.304118331999999825e+00
5.454240000000000000e+09 -9.298661059000000506e+00
5.454320000000000000e+09 -9.297643823999999668e+00
5.454400000000000000e+09 -9.293816385999999596e+00
5.454480000000000000e+09 -9.290742957000000857e+00
5.454560000000000000e+09 -9.289214964999999324e+00
5.454640000000000000e+09 -9.291387213000000145e+00
5.454720000000000000e+09 -9.289602776000000617e+00
5.454800000000000000e+09 -9.289754921000000110e+00
5.454880000000000000e+09 -9.291331874999999130e+00
5.454960000000000000e+09 -9.290938846999999612e+00
5.455040000000000000e+09 -9.291742661000000680e+00
5.455120000000000000e+09 -9.295112651000000170e+00
5.455200000000000000e+09 -9.295116502000000835e+00
5.455280000000000000e+09 -9.295720881999999463e+00
5.455360000000000000e+09 -9.296721299999999744e+00
5.455440000000000000e+09 -9.300312474000000051e+00
5.455520000000000000e+09 -9.301098227000000662e+00
5.455600000000000000e+09 -9.302029043999999303e+00
5.455680000000000000e+09 -9.301840562000000645e+00
5.455760000000000000e+09 -9.303597534999999752e+00
5.455840000000000000e+09 -9.306104232999999226e+00
5.455920000000000000e+09 -9.307375649999999112e+00
5.456000000000000000e+09 -9.310590489000000858e+00
5.456080000000000000e+09 -9.309907360000000409e+00
5.456160000000000000e+09 -9.311601699000000565e+00
5.456240000000000000e+09 -9.312597374999999289e+00
5.456320000000000000e+09 -9.314915410999999423e+00
5.456400000000000000e+09 -9.315847221000000289e+00
5.456480000000000000e+09 -9.317778698999999776e+00
5.456560000000000000e+09 -9.320210637000000631e+00
5.456640000000000000e+09 -9.322386266000000532e+00
5.456720000000000000e+09 -9.323337701999999894e+00
5.456800000000000000e+09 -9.323918738999999789e+00
5.456880000000000000e+09 -9.325486997000000500e+00
5.456960000000000000e+09 -9.329666923999999639e+00
5.457040000000000000e+09 -9.331108629999999238e+00
5.457120000000000000e+09 -9.331856604000000388e+00
5.457200000000000000e+09 -9.333902308000000758e+00
5.457280000000000000e+09 -9.335688551000000501e+00
5.457360000000000000e+09 -9.338463150999999129e+00
5.457440000000000000e+09 -9.339639231999999680e+00
5.457520000000000000e+09 -9.341939319999999825e+00
5.457600000000000000e+09 -9.344285041999999208e+00
5.457680000000000000e+09 -9.344783337000000856e+00
5.457760000000000000e+09 -9.346413119999999353e+00
5.457840000000000000e+09 -9.348625967000000259e+00
5.457920000000000000e+09 -9.351081333999999856e+00
5.458000000000000000e+09 -9.351893455000000799e+00
5.458080000000000000e+09 -9.356114850999999177e+00
5.458160000000000000e+09 -9.356097995000000722e+00
5.458240000000000000e+09 -9.356773241999999158e+00
5.458320000000000000e+09 -9.360270083999999713e+00
5.458400000000000000e+09 -9.361812846999999493e+00
5.458480000000000000e+09 -9.363694659000000087e+00
5.458560000000000000e+09 -9.367188638000000012e+00
5.458640000000000000e+09 -9.368208221999999807e+00
5.458720000000000000e+09 -9.369833685999999773e+00
5.458800000000000000e+09 -9.373386478000000466e+00
5.458880000000000000e+09 -9.373521563000000612e+00
5.458960000000000000e+09 -9.375542482000000177e+00
5.459040000000000000e+09 -9.378568170999999509e+00
5.459120000000000000e+09 -9.381642744000000533e+00
5.459200000000000000e+09 -9.381149744000000013e+00
5.459280000000000000e+09 -9.384418395999999163e+00
5.459360000000000000e+09 -9.385599929999999702e+00
5.459440000000000000e+09 -9.388437681999999285e+00
5.459520000000000000e+09 -9.391402370999999860e+00
5.459600000000000000e+09 -9.391797804999999499e+00
5.459680000000000000e+09 -9.394796882999999710e+00
5.459760000000000000e+09 -9.394675533999999217e+00
5.459840000000000000e+09 -9.399249810000000593e+00
5.459920000000000000e+09 -9.400008896999999308e+00
5.460000000000000000e+09 -9.401927088000000765e+00
5.460080000000000000e+09 -9.404935459000000719e+00
5.460160000000000000e+09 -9.407662143999999671e+00
5.460240000000000000e+09 -9.409960878999999778e+00
5.460320000000000000e+09 -9.413237672999999361e+00
5.460400000000000000e+09 -9.412488522000000302e+00
5.460480000000000000e+09 -9.413162741000000722e+00
5.460560000000000000e+09 -9.417559722000000022e+00
5.460640000000000000e+09 -9.420018671999999427e+00
5.460720000000000000e+09 -9.420399640999999491e+00
5.460800000000000000e+09 -9.424973996000000298e+00
5.460880000000000000e+09 -9.425618396000000843e+00
5.460960000000000000e+09 -9.430697005000000743e+00
5.461040000000000000e+09 -9.432829033000000862e+00
5.461120000000000000e+09 -9.434623662999999993e+00
5.461200000000000000e+09 -9.438190321000000438e+00
5.461280000000000000e+09 -9.438176796000000479e+00
5.461360000000000000e+09 -9.441024892999999807e+00
5.461440000000000000e+09 -9.442942671999999149e+00
5.461520000000000000e+09 -9.441872856999999897e+00
5.461600000000000000e+09 -9.447581979000000629e+00
5.461680000000000000e+09 -9.449321300999999451e+00
5.461760000000000000e+09 -9.450903209999999888e+00
5.461840000000000000e+09 -9.452632226000000415e+00
5.461920000000000000e+09 -9.456544215999999281e+00
5.462000000000000000e+09 -9.460729767000000123e+00
5.462080000000000000e+09 -9.460855105000000265e+00
5.462160000000000000e+09 -9.464715020999999950e+00
5.462240000000000000e+09 -9.465721412000000612e+00
5.462320000000000000e+09 -9.468258645000000584e+00
5.462400000000000000e+09 -9.471217947999999609e+00
5.462480000000000000e+09 -9.472045903999999794e+00
5.462560000000000000e+09 -9.478233899999999323e+00
5.462640000000000000e+09 -9.477930835000000442e+00
5.462720000000000000e+09 -9.480585303999999880e+00
5.462800000000000000e+09 -9.485660209000000620e+00
5.462880000000000000e+09 -9.487474058000000099e+00
5.462960000000000000e+09 -9.490084110999999822e+00
5.463040000000000000e+09 -9.493926739999999143e+00
5.463120000000000000e+09 -9.494289878000000016e+00
5.463200000000000000e+09 -9.498235242999999883e+00
5.463280000000000000e+09 -9.502117980999999602e+00
5.463360000000000000e+09 -9.502916738999999779e+00
5.463440000000000000e+09 -9.506650195000000636e+00
5.463520000000000000e+09 -9.510467445999999825e+00
5.463600000000000000e+09 -9.513155074000000155e+00
5.463680000000000000e+09 -9.516650166999999882e+00
5.463760000000000000e+09 -9.516316764000000816e+00
5.463840000000000000e+09 -9.522147695999999328e+00
5.463920000000000000e+09 -9.524256886999999949e+00
5.464000000000000000e+09 -9.528440235999999786e+00
5.464080000000000000e+09 -9.530784617000000125e+00
5.464160000000000000e+09 -9.532589100999999232e+00
5.464240000000000000e+09 -9.532893905999999973e+00
5.464320000000000000e+09 -9.538159147000000004e+00
5.464400000000000000e+09 -9.542134744000000168e+00
5.464480000000000000e+09 -9.545235169999999769e+00
5.464560000000000000e+09 -9.548200006000000073e+00
5.464640000000000000e+09 -9.550390850999999515e+00
5.464720000000000000e+09 -9.553952909999999576e+00
5.464800000000000000e+09 -9.556400869000000853e+00
5.464880000000000000e+09 -9.558885731000000163e+00
5.464960000000000000e+09 -9.565111269999999166e+00
5.465040000000000000e+09 -9.568323302999999669e+00
5.465120000000000000e+09 -9.569398554999999362e+00
5.465200000000000000e+09 -9.574180646000000294e+00
5.465280000000000000e+09 -9.576101105999999419e+00
5.465360000000000000e+09 -9.582692616999999302e+00
5.465440000000000000e+09 -9.585434643999999338e+00
5.465520000000000000e+09 -9.590723951999999386e+00
5.465600000000000000e+09 -9.590793572000000822e+00
5.465680000000000000e+09 -9.595031768000000127e+00
5.465760000000000000e+09 -9.598310614000000740e+00
5.465840000000000000e+09 -9.600991387000000543e+00
5.465920000000000000e+09 -9.604772020000000410e+00
5.466000000000000000e+09 -9.609136189000000883e+00
5.466080000000000000e+09 -9.611497887000000517e+00
5.466160000000000000e+09 -9.617796301000000270e+00
5.466240000000000000e+09 -9.622234014000000002e+00
5.466320000000000000e+09 -9.625871145999999712e+00
5.466400000000000000e+09 -9.630482576000000350e+00
5.466480000000000000e+09 -9.632008852000000232e+00
5.466560000000000000e+09 -9.637125546000000043e+00
5.466640000000000000e+09 -9.641352506000000488e+00
5.466720000000000000e+09 -9.645110749000000538e+00
5.466800000000000000e+09 -9.650249223999999515e+00
5.466880000000000000e+09 -9.654847094999999157e+00
5.466960000000000000e+09 -9.655918763000000737e+00
5.467040000000000000e+09 -9.661334176000000440e+00
5.467120000000000000e+09 -9.668314185999999921e+00
5.467200000000000000e+09 -9.673731738000000746e+00
5.467280000000000000e+09 -9.678195227999999872e+00
5.467360000000000000e+09 -9.681504385000000212e+00
5.467440000000000000e+09 -9.685777030000000565e+00
5.467520000000000000e+09 -9.690314066999999199e+00
5.467600000000000000e+09 -9.694883929999999594e+00
5.467680000000000000e+09 -9.703726070000000092e+00
5.467760000000000000e+09 -9.705360890999999768e+00
5.467840000000000000e+09 -9.713058224999999268e+00
5.467920000000000000e+09 -9.714711239999999748e+00
5.468000000000000000e+09 -9.723141465999999511e+00
5.468080000000000000e+09 -9.726065025000000475e+00
5.468160000000000000e+09 -9.731199055999999459e+00
5.468240000000000000e+09 -9.738416095999999911e+00
5.468320000000000000e+09 -9.744434209999999652e+00
5.468400000000000000e+09 -9.748737771000000052e+00
5.468480000000000000e+09 -9.754237830999999304e+00
5.468560000000000000e+09 -9.761461842999999305e+00
5.468640000000000000e+09 -9.764066336000000845e+00
5.468720000000000000e+09 -9.771989981999999131e+00
5.468800000000000000e+09 -9.779040455000000520e+00
5.468880000000000000e+09 -9.783951825999999130e+00
5.468960000000000000e+09 -9.790436520000000087e+00
5.469040000000000000e+09 -9.796504022000000589e+00
5.469120000000000000e+09 -9.804654709999999440e+00
5.469200000000000000e+09 -9.811727387999999550e+00
5.469280000000000000e+09 -9.816713826000000864e+00
5.469360000000000000e+09 -9.822734715999999366e+00
5.469440000000000000e+09 -9.829682094000000703e+00
5.469520000000000000e+09 -9.837279289999999676e+00
5.469600000000000000e+09 -9.845951963999999279e+00
5.469680000000000000e+09 -9.853887774000000377e+00
5.469760000000000000e+09 -9.860758034999999921e+00
5.469840000000000000e+09 -9.867375441000000080e+00
5.469920000000000000e+09 -9.876586968999999883e+00
5.470000000000000000e+09 -9.883566147999999885e+00
5.470080000000000000e+09 -9.891100916999999271e+00
5.470160000000000000e+09 -9.899810270999999773e+00
5.470240000000000000e+09 -9.905823890000000631e+00
5.470320000000000000e+09 -9.916688644000000608e+00
5.470400000000000000e+09 -9.924141369999999185e+00
5.470480000000000000e+09 -9.934699233999999990e+00
5.470560000000000000e+09 -9.941971776000000816e+00
5.470640000000000000e+09 -9.950728520000000188e+00
5.470720000000000000e+09 -9.962403893999999482e+00
5.470800000000000000e+09 -9.970015728999999993e+00
5.470880000000000000e+09 -9.983026811000000222e+00
5.470960000000000000e+09 -9.991478108000000802e+00
5.471040000000000000e+09 -1.000375981000000003e+01
5.471120000000000000e+09 -1.001411590000000018e+01
5.471200000000000000e+09 -1.002358916999999927e+01
5.471280000000000000e+09 -1.003330822999999938e+01
5.471360000000000000e+09 -1.004462615999999997e+01
5.471440000000000000e+09 -1.005695670999999969e+01
5.471520000000000000e+09 -1.006707858000000044e+01
5.471600000000000000e+09 -1.008197761999999997e+01
5.471680000000000000e+09 -1.009417619000000066e+01
5.471760000000000000e+09 -1.010776098000000012e+01
5.471840000000000000e+09 -1.011959092999999932e+01
5.471920000000000000e+09 -1.013128891999999937e+01
5.472000000000000000e+09 -1.014462469000000056e+01
5.472080000000000000e+09 -1.015955443000000002e+01
5.472160000000000000e+09 -1.017365428999999999e+01
5.472240000000000000e+09 -1.019056014999999960e+01
5.472320000000000000e+09 -1.020385609000000038e+01
5.472400000000000000e+09 -1.021876332999999981e+01
5.472480000000000000e+09 -1.023450369999999943e+01
5.472560000000000000e+09 -1.025183123999999957e+01
5.472640000000000000e+09 -1.026707034000000007e+01
5.472720000000000000e+09 -1.028590527999999971e+01
5.472800000000000000e+09 -1.030464345000000037e+01
5.472880000000000000e+09 -1.032020140000000019e+01
5.472960000000000000e+09 -1.034021601999999973e+01
5.473040000000000000e+09 -1.036017076999999986e+01
5.473120000000000000e+09 -1.038055725999999979e+01
5.473200000000000000e+09 -1.040117792000000030e+01
5.473280000000000000e+09 -1.042276260000000043e+01
5.473360000000000000e+09 -1.044708999000000027e+01
5.473440000000000000e+09 -1.046277210999999951e+01
5.473520000000000000e+09 -1.048847274000000063e+01
5.473600000000000000e+09 -1.051171826999999936e+01
5.473680000000000000e+09 -1.053721666999999940e+01
5.473760000000000000e+09 -1.056050261999999940e+01
5.473840000000000000e+09 -1.058725156999999939e+01
5.473920000000000000e+09 -1.061474809999999991e+01
5.474000000000000000e+09 -1.064102882000000072e+01
5.474080000000000000e+09 -1.067073313000000034e+01
5.474160000000000000e+09 -1.069921852999999956e+01
5.474240000000000000e+09 -1.072968258000000041e+01
5.474320000000000000e+09 -1.076168301999999954e+01
5.474400000000000000e+09 -1.079465369000000052e+01
5.474480000000000000e+09 -1.082926362999999981e+01
5.474560000000000000e+09 -1.086265245000000057e+01
5.474640000000000000e+09 -1.089556345999999998e+01
5.474720000000000000e+09 -1.093497254000000041e+01
5.474800000000000000e+09 -1.096871572000000050e+01
5.474880000000000000e+09 -1.101080287999999996e+01
5.474960000000000000e+09 -1.105094676000000042e+01
5.475040000000000000e+09 -1.109142559000000006e+01
5.475120000000000000e+09 -1.113318929999999973e+01
5.475200000000000000e+09 -1.118070389999999925e+01
5.475280000000000000e+09 -1.122569076999999993e+01
5.475360000000000000e+09 -1.127216059000000037e+01
5.475440000000000000e+09 -1.132145429999999919e+01
5.475520000000000000e+09 -1.137085616999999971e+01
5.475600000000000000e+09 -1.142254931999999990e+01
5.475680000000000000e+09 -1.147467634999999930e+01
5.475760000000000000e+09 -1.152882643000000051e+01
5.475840000000000000e+09 -1.158431983000000010e+01
5.475920000000000000e+09 -1.164254370999999999e+01
5.476000000000000000e+09 -1.170048811999999927e+01
5.476080000000000000e+09 -1.175792721999999912e+01
5.476160000000000000e+09 -1.182072400999999928e+01
5.476240000000000000e+09 -1.187920710999999940e+01
5.476320000000000000e+09 -1.194318173999999999e+01
5.476400000000000000e+09 -1.200606368000000046e+01
5.476480000000000000e+09 -1.206859140999999980e+01
5.476560000000000000e+09 -1.213506085999999939e+01
5.476640000000000000e+09 -1.220186497000000081e+01
5.476720000000000000e+09 -1.226554482000000057e+01
5.476800000000000000e+09 -1.232648458000000069e+01
5.476880000000000000e+09 -1.238967880999999949e+01
5.476960000000000000e+09 -1.245025605000000013e+01
5.477040000000000000e+09 -1.250754116000000060e+01
5.477120000000000000e+09 -1.257084206999999942e+01
5.477200000000000000e+09 -1.262306579000000006e+01
5.477280000000000000e+09 -1.267671688000000074e+01
5.477360000000000000e+09 -1.272401404999999919e+01
5.477440000000000000e+09 -1.276905318000000022e+01
5.477520000000000000e+09 -1.280810531000000019e+01
5.477600000000000000e+09 -1.284265257000000027e+01
5.477680000000000000e+09 -1.287080877000000001e+01
5.477760000000000000e+09 -1.289516766999999930e+01
5.477840000000000000e+09 -1.291037938000000018e+01
5.477920000000000000e+09 -1.291829710000000020e+01
5.478000000000000000e+09 -1.291840831000000023e+01
5.478080000000000000e+09 -1.291048284999999929e+01
5.478160000000000000e+09 -1.289591728000000082e+01
5.478240000000000000e+09 -1.287162269999999964e+01
5.478320000000000000e+09 -1.284249291000000071e+01
5.478400000000000000e+09 -1.280523701000000081e+01
5.478480000000000000e+09 -1.275924874999999936e+01
5.478560000000000000e+09 -1.270582663000000068e+01
5.478640000000000000e+09 -1.264734346999999914e+01
5.478720000000000000e+09 -1.258324995000000079e+01
5.478800000000000000e+09 -1.251222648000000071e+01
5.478880000000000000e+09 -1.243968562000000055e+01
5.478960000000000000e+09 -1.235926105000000064e+01
5.479040000000000000e+09 -1.227900278999999983e+01
5.479120000000000000e+09 -1.219454258999999929e+01
5.479200000000000000e+09 -1.210259884000000064e+01
5.479280000000000000e+09 -1.201374691000000006e+01
5.479360000000000000e+09 -1.192219140000000088e+01
5.479440000000000000e+09 -1.182892615999999997e+01
5.479520000000000000e+09 -1.174060723000000017e+01
5.479600000000000000e+09 -1.164855956000000070e+01
5.479680000000000000e+09 -1.156057780999999984e+01
5.479760000000000000e+09 -1.147080691999999935e+01
5.479840000000000000e+09 -1.138184610000000063e+01
5.479920000000000000e+09 -1.129568594999999931e+01
5.480000000000000000e+09 -1.121005749000000051e+01
5.480080000000000000e+09 -1.112918666999999928e+01
5.480160000000000000e+09 -1.104770500000000055e+01
5.480240000000000000e+09 -1.097177931000000051e+01
5.480320000000000000e+09 -1.089331272000000084e+01
5.480400000000000000e+09 -1.081909407999999928e+01
5.480480000000000000e+09 -1.074939219000000001e+01
5.480560000000000000e+09 -1.068034100999999936e+01
5.480640000000000000e+09 -1.061564573000000067e+01
5.480720000000000000e+09 -1.055403661999999976e+01
5.480800000000000000e+09 -1.049263638000000043e+01
5.480880000000000000e+09 -1.043629512999999953e+01
5.480960000000000000e+09 -1.037897504999999931e+01
5.481040000000000000e+09 -1.032363666000000002e+01
5.481120000000000000e+09 -1.027476887999999988e+01
5.481200000000000000e+09 -1.022603368999999951e+01
5.481280000000000000e+09 -1.017729579000000051e+01
5.481360000000000000e+09 -1.013606910000000028e+01
5.481440000000000000e+09 -1.009131335999999912e+01
5.481520000000000000e+09 -1.004971856999999957e+01
5.481600000000000000e+09 -1.001180283000000060e+01
5.481680000000000000e+09 -9.976024256000000534e+00
5.481760000000000000e+09 -9.939641622999999981e+00
5.481840000000000000e+09 -9.905186365000000492e+00
5.481920000000000000e+09 -9.873342717999999962e+00
5.482000000000000000e+09 -9.842114336999999935e+00
5.482080000000000000e+09 -9.816085938000000510e+00
5.482160000000000000e+09 -9.787655199999999667e+00
5.482240000000000000e+09 -9.760464813000000461e+00
5.482320000000000000e+09 -9.734014230999999739e+00
5.482400000000000000e+09 -9.711615597999999849e+00
5.482480000000000000e+09 -9.690596193999999386e+00
5.482560000000000000e+09 -9.669451667000000583e+00
5.482640000000000000e+09 -9.647712647000000530e+00
5.482720000000000000e+09 -9.628752606000000824e+00
5.482800000000000000e+09 -9.608510036000000198e+00
5.482880000000000000e+09 -9.592737819999999971e+00
5.482960000000000000e+09 -9.576917980999999358e+00
5.483040000000000000e+09 -9.558904108000000122e+00
5.483120000000000000e+09 -9.543194510999999380e+00
5.483200000000000000e+09 -9.528665103999999886e+00
5.483280000000000000e+09 -9.513839008999999791e+00
5.483360000000000000e+09 -9.499446982000000261e+00
5.483440000000000000e+09 -9.487123018000000130e+00
5.483520000000000000e+09 -9.474496419999999475e+00
5.483600000000000000e+09 -9.463704475000000116e+00
5.483680000000000000e+09 -9.454461244000000875e+00
5.483760000000000000e+09 -9.444242517999999365e+00
5.483840000000000000e+09 -9.431420442000000293e+00
5.483920000000000000e+09 -9.422060655999999312e+00
5.484000000000000000e+09 -9.415101722999999367e+00
5.484080000000000000e+09 -9.404861477000000747e+00
5.484160000000000000e+09 -9.395969744000000290e+00
5.484240000000000000e+09 -9.386259540999999373e+00
5.484320000000000000e+09 -9.379789497999999170e+00
5.484400000000000000e+09 -9.372405893999999904e+00
5.484480000000000000e+09 -9.366331423000000100e+00
5.484560000000000000e+09 -9.360419322000000264e+00
5.484640000000000000e+09 -9.352868945999999184e+00
5.484720000000000000e+09 -9.343696127999999490e+00
5.484800000000000000e+09 -9.340560331000000716e+00
5.484880000000000000e+09 -9.334426883000000785e+00
5.484960000000000000e+09 -9.328240027999999739e+00
5.485040000000000000e+09 -9.325122823999999255e+00
5.485120000000000000e+09 -9.320644182000000555e+00
5.485200000000000000e+09 -9.313958982000000830e+00
5.485280000000000000e+09 -9.309890789000000666e+00
5.485360000000000000e+09 -9.307014567999999599e+00
5.485440000000000000e+09 -9.301182170000000582e+00
5.485520000000000000e+09 -9.296462422999999475e+00
5.485600000000000000e+09 -9.293784028999999336e+00
5.485680000000000000e+09 -9.290610433999999529e+00
5.485760000000000000e+09 -9.287030548000000607e+00
5.485840000000000000e+09 -9.284835902999999391e+00
5.485920000000000000e+09 -9.280746094999999585e+00
5.486000000000000000e+09 -9.275734649000000331e+00
5.486080000000000000e+09 -9.277083893000000359e+00
5.486160000000000000e+09 -9.272674494000000323e+00
5.486240000000000000e+09 -9.268934890000000593e+00
5.486320000000000000e+09 -9.265466654000000801e+00
5.486400000000000000e+09 -9.263647127000000481e+00
5.486480000000000000e+09 -9.263040954999999244e+00
5.486560000000000000e+09 -9.259551975999999129e+00
5.486640000000000000e+09 -9.257942840000000118e+00
5.486720000000000000e+09 -9.257031101000000817e+00
5.486800000000000000e+09 -9.253491180999999344e+00
5.486880000000000000e+09 -9.251192392000000098e+00
5.486960000000000000e+09 -9.250746807000000516e+00
5.487040000000000000e+09 -9.251459062000000344e+00
5.487120000000000000e+09 -9.246904646000000838e+00
5.487200000000000000e+09 -9.247316188999999298e+00
5.487280000000000000e+09 -9.245581060999999323e+00
5.487360000000000000e+09 -9.242930876000000850e+00
5.487440000000000000e+09 -9.241780465999999805e+00
5.487520000000000000e+09 -9.239451713999999427e+00
5.487600000000000000e+09 -9.238695482000000681e+00
5.487680000000000000e+09 -9.237090696999999295e+00
5.487760000000000000e+09 -9.236808371000000406e+00
5.487840000000000000e+09 -9.236639580000000294e+00
5.487920000000000000e+09 -9.234528760999999975e+00
5.488000000000000000e+09 -9.233175299999999197e+00
5.488080000000000000e+09 -9.235597050000000863e+00
5.488160000000000000e+09 -9.231520915000000826e+00
5.488240000000000000e+09 -9.229990854000000411e+00
5.488320000000000000e+09 -9.231557685000000291e+00
5.488400000000000000e+09 -9.229906791999999527e+00
5.488480000000000000e+09 -9.231395717999999917e+00
5.488560000000000000e+09 -9.228140197000000100e+00
5.488640000000000000e+09 -9.228175534000000013e+00
5.488720000000000000e+09 -9.228713323999999218e+00
5.488800000000000000e+09 -9.227075535000000883e+00
5.488880000000000000e+09 -9.226577182999999849e+00
5.488960000000000000e+09 -9.226706096999999218e+00
5.489040000000000000e+09 -9.225197800000000115e+00
5.489120000000000000e+09 -9.227741762000000847e+00
5.489200000000000000e+09 -9.225850493999999458e+00
5.489280000000000000e+09 -9.223819389999999174e+00
5.489360000000000000e+09 -9.225105175999999574e+00
5.489440000000000000e+09 -9.224824164999999354e+00
5.489520000000000000e+09 -9.224146693999999869e+00
5.489600000000000000e+09 -9.224676768000000138e+00
5.489680000000000000e+09 -9.225725147000000348e+00
5.489760000000000000e+09 -9.223614225000000388e+00
5.489840000000000000e+09 -9.224541028000000864e+00
5.489920000000000000e+09 -9.225093077000000363e+00
5.490000000000000000e+09 -9.220358527000000137e+00
5.490080000000000000e+09 -9.221205124000000808e+00
5.490160000000000000e+09 -9.224683746000000184e+00
5.490240000000000000e+09 -9.220863562999999985e+00
5.490320000000000000e+09 -9.223265528000000657e+00
5.490400000000000000e+09 -9.221573396000000145e+00
5.490480000000000000e+09 -9.223855407000000284e+00
5.490560000000000000e+09 -9.224179172999999565e+00
5.490640000000000000e+09 -9.223995925000000540e+00
5.490720000000000000e+09 -9.222735567999999162e+00
5.490800000000000000e+09 -9.223587354999999377e+00
5.490880000000000000e+09 -9.224764624000000524e+00
5.490960000000000000e+09 -9.224256640000000118e+00
5.491040000000000000e+09 -9.224462998999999996e+00
5.491120000000000000e+09 -9.223154886999999746e+00
5.491200000000000000e+09 -9.223539693999999400e+00
5.491280000000000000e+09 -9.222277739999999113e+00
5.491360000000000000e+09 -9.223745865999999793e+00
5.491440000000000000e+09 -9.225171916000000749e+00
5.491520000000000000e+09 -9.225022664000000816e+00
5.491600000000000000e+09 -9.223927178000000282e+00
5.491680000000000000e+09 -9.224403903000000682e+00
5.491760000000000000e+09 -9.225649418999999796e+00
5.491840000000000000e+09 -9.227829511999999568e+00
5.491920000000000000e+09 -9.228060280999999421e+00
5.492000000000000000e+09 -9.227825193999999343e+00
5.492080000000000000e+09 -9.226420273000000449e+00
5.492160000000000000e+09 -9.227734788999999438e+00
5.492240000000000000e+09 -9.227471060999999253e+00
5.492320000000000000e+09 -9.228505750000000063e+00
5.492400000000000000e+09 -9.228004987000000270e+00
5.492480000000000000e+09 -9.228521144000000120e+00
5.492560000000000000e+09 -9.228863777000000823e+00
5.492640000000000000e+09 -9.229540523000000718e+00
5.492720000000000000e+09 -9.230075374000000110e+00
5.492800000000000000e+09 -9.230053807999999194e+00
5.492880000000000000e+09 -9.229654008000000687e+00
5.492960000000000000e+09 -9.232202985000000695e+00
5.493040000000000000e+09 -9.230803772999999879e+00
5.493120000000000000e+09 -9.230500446000000636e+00
5.493200000000000000e+09 -9.234825367999999202e+00
5.493280000000000000e+09 -9.234531164999999930e+00
5.493360000000000000e+09 -9.233925004999999686e+00
5.493440000000000000e+09 -9.235549753000000806e+00
5.493520000000000000e+09 -9.234881099000000759e+00
5.493600000000000000e+09 -9.236794641999999556e+00
5.493680000000000000e+09 -9.237121323000000217e+00
5.493760000000000000e+09 -9.235941885000000795e+00
5.493840000000000000e+09 -9.236961782999999926e+00
5.493920000000000000e+09 -9.238633917999999667e+00
5.494000000000000000e+09 -9.240279969999999565e+00
5.494080000000000000e+09 -9.239439963000000589e+00
5.494160000000000000e+09 -9.241034136999999760e+00
5.494240000000000000e+09 -9.241728741999999386e+00
5.494320000000000000e+09 -9.241834024999999286e+00
5.494400000000000000e+09 -9.242625505999999547e+00
5.494480000000000000e+09 -9.243413607000000809e+00
5.494560000000000000e+09 -9.243650517000000733e+00
5.494640000000000000e+09 -9.244923542000000438e+00
5.494720000000000000e+09 -9.245075441999999200e+00
5.494800000000000000e+09 -9.243680468999999178e+00
5.494880000000000000e+09 -9.248102671999999913e+00
5.494960000000000000e+09 -9.249125717000000080e+00
5.495040000000000000e+09 -9.248328170000000625e+00
5.495120000000000000e+09 -9.247457293000000078e+00
5.495200000000000000e+09 -9.249357978999999119e+00
5.495280000000000000e+09 -9.247030778999999256e+00
5.495360000000000000e+09 -9.250736467999999491e+00
5.495440000000000000e+09 -9.249489094999999494e+00
5.495520000000000000e+09 -9.250268280000000232e+00
5.495600000000000000e+09 -9.252245120999999628e+00
5.495680000000000000e+09 -9.252497617999999591e+00
5.495760000000000000e+09 -9.253238882999999859e+00
5.495840000000000000e+09 -9.256390481000000392e+00
5.495920000000000000e+09 -9.255591116999999812e+00
5.496000000000000000e+09 -9.257320496000000176e+00
5.496080000000000000e+09 -9.257852272999999244e+00
5.496160000000000000e+09 -9.259577440999999354e+00
5.496240000000000000e+09 -9.259489261000000582e+00
5.496320000000000000e+09 -9.261067294000000061e+00
5.496400000000000000e+09 -9.262226614999999441e+00
5.496480000000000000e+09 -9.261812906999999484e+00
5.496560000000000000e+09 -9.263137947000000594e+00
5.496640000000000000e+09 -9.263902571999999225e+00
5.496720000000000000e+09 -9.265324457000000180e+00
5.496800000000000000e+09 -9.264751931999999357e+00
5.496880000000000000e+09 -9.266346546999999489e+00
5.496960000000000000e+09 -9.267298223999999252e+00
5.497040000000000000e+09 -9.270337256999999553e+00
5.497120000000000000e+09 -9.268190025999999193e+00
5.497200000000000000e+09 -9.270283913000000098e+00
5.497280000000000000e+09 -9.268071920000000574e+00
5.497360000000000000e+09 -9.271439923999999166e+00
5.497440000000000000e+09 -9.271170360999999360e+00
5.497520000000000000e+09 -9.272041728999999677e+00
5.497600000000000000e+09 -9.273864192999999645e+00
5.497680000000000000e+09 -9.276259989999999789e+00
5.497760000000000000e+09 -9.277085233999999403e+00
5.497840000000000000e+09 -9.277580813000000148e+00
5.497920000000000000e+09 -9.277478879000000234e+00
5.498000000000000000e+09 -9.279888051000000360e+00
5.498080000000000000e+09 -9.280819983000000661e+00
5.498160000000000000e+09 -9.282387061999999744e+00
5.498240000000000000e+09 -9.283041356000000022e+00
5.498320000000000000e+09 -9.284437240000000813e+00
5.498400000000000000e+09 -9.283950484000000003e+00
5.498480000000000000e+09 -9.284080593000000547e+00
5.498560000000000000e+09 -9.284945709000000491e+00
5.498640000000000000e+09 -9.286640654999999356e+00
5.498720000000000000e+09 -9.286159678000000639e+00
5.498800000000000000e+09 -9.287642672000000488e+00
5.498880000000000000e+09 -9.289791809000000455e+00
5.498960000000000000e+09 -9.288878658999999871e+00
5.499040000000000000e+09 -9.292329499999999243e+00
5.499120000000000000e+09 -9.292762299999999698e+00
5.499200000000000000e+09 -9.294557842999999764e+00
5.499280000000000000e+09 -9.295892656999999559e+00
5.499360000000000000e+09 -9.295709336999999906e+00
5.499440000000000000e+09 -9.295214692000000056e+00
5.499520000000000000e+09 -9.298020667999999489e+00
5.499600000000000000e+09 -9.299195598000000729e+00
5.499680000000000000e+09 -9.298871503999999177e+00
5.499760000000000000e+09 -9.300152172000000661e+00
5.499840000000000000e+09 -9.300873635000000306e+00
5.499920000000000000e+09 -9.302038245000000316e+00
5.500000000000000000e+09 -9.303483241000000348e+00
5.500080000000000000e+09 -9.306555854999999156e+00
5.500160000000000000e+09 -9.307508913999999578e+00
5.500240000000000000e+09 -9.309944566000000421e+00
5.500320000000000000e+09 -9.307864453000000537e+00
5.500400000000000000e+09 -9.309980411999999816e+00
5.500480000000000000e+09 -9.309013690000000452e+00
5.500560000000000000e+09 -9.311038891999999123e+00
5.500640000000000000e+09 -9.312030238000000182e+00
5.500720000000000000e+09 -9.316060472000000203e+00
5.500800000000000000e+09 -9.313430049999999127e+00
5.500880000000000000e+09 -9.315198221999999362e+00
5.500960000000000000e+09 -9.317588989000000765e+00
5.501040000000000000e+09 -9.318288159999999820e+00
5.501120000000000000e+09 -9.318296806999999404e+00
5.501200000000000000e+09 -9.321364995999999792e+00
5.501280000000000000e+09 -9.321075536000000383e+00
5.501360000000000000e+09 -9.322454381000000012e+00
5.501440000000000000e+09 -9.322196404999999686e+00
5.501520000000000000e+09 -9.324927199999999416e+00
5.501600000000000000e+09 -9.324762222000000378e+00
5.501680000000000000e+09 -9.325575716999999543e+00
5.501760000000000000e+09 -9.325478612999999584e+00
5.501840000000000000e+09 -9.328126948999999613e+00
5.501920000000000000e+09 -9.330218465999999822e+00
5.502000000000000000e+09 -9.330590196999999364e+00
5.502080000000000000e+09 -9.332742168999999421e+00
5.502160000000000000e+09 -9.332260757000000240e+00
5.502240000000000000e+09 -9.332483637999999360e+00
5.502320000000000000e+09 -9.334445488000000068e+00
5.502400000000000000e+09 -9.337204482000000638e+00
5.502480000000000000e+09 -9.337146516000000673e+00
5.502560000000000000e+09 -9.337225564000000588e+00
5.502640000000000000e+09 -9.339607473999999243e+00
5.502720000000000000e+09 -9.342522258000000690e+00
5.502800000000000000e+09 -9.341154933000000327e+00
5.502880000000000000e+09 -9.341405447999999723e+00
5.502960000000000000e+09 -9.345121273000000173e+00
5.503040000000000000e+09 -9.346528469000000783e+00
5.503120000000000000e+09 -9.345553994999999503e+00
5.503200000000000000e+09 -9.347708554000000447e+00
5.503280000000000000e+09 -9.345657820999999643e+00
5.503360000000000000e+09 -9.350357515000000674e+00
5.503440000000000000e+09 -9.349671796000000867e+00
5.503520000000000000e+09 -9.352379377000000105e+00
5.503600000000000000e+09 -9.354666977000000827e+00
5.503680000000000000e+09 -9.353817234999999286e+00
5.503760000000000000e+09 -9.356401845000000606e+00
5.503840000000000000e+09 -9.355859217000000783e+00
5.503920000000000000e+09 -9.358438599999999497e+00
5.504000000000000000e+09 -9.362807326000000430e+00
5.504080000000000000e+09 -9.358616423999999157e+00
5.504160000000000000e+09 -9.361575065000000251e+00
5.504240000000000000e+09 -9.362491021000000302e+00
5.504320000000000000e+09 -9.362309137000000447e+00
5.504400000000000000e+09 -9.364951384999999462e+00
5.504480000000000000e+09 -9.361763284000000240e+00
5.504560000000000000e+09 -9.365476101000000497e+00
5.504640000000000000e+09 -9.366479454000000260e+00
5.504720000000000000e+09 -9.366978154999999973e+00
5.504800000000000000e+09 -9.368091164000000859e+00
5.504880000000000000e+09 -9.370120555999999823e+00
5.504960000000000000e+09 -9.370433924000000303e+00
5.505040000000000000e+09 -9.374227360000000786e+00
5.505120000000000000e+09 -9.370883603999999423e+00
5.505200000000000000e+09 -9.374634560000000505e+00
5.505280000000000000e+09 -9.374951547000000218e+00
5.505360000000000000e+09 -9.376372252999999546e+00
5.505440000000000000e+09 -9.377525542000000769e+00
5.505520000000000000e+09 -9.377764630999999795e+00
5.505600000000000000e+09 -9.379787125000000003e+00
5.505680000000000000e+09 -9.378634884000000227e+00
5.505760000000000000e+09 -9.381058296000000851e+00
5.505840000000000000e+09 -9.382645655999999335e+00
5.505920000000000000e+09 -9.383986029000000784e+00
5.506000000000000000e+09 -9.383585527999999343e+00
5.506080000000000000e+09 -9.383361060000000364e+00
5.506160000000000000e+09 -9.387064497000000785e+00
5.506240000000000000e+09 -9.386958219000000270e+00
5.506320000000000000e+09 -9.386727449000000334e+00
5.506400000000000000e+09 -9.389537122000000124e+00
5.506480000000000000e+09 -9.389696771000000552e+00
5.506560000000000000e+09 -9.389962634999999835e+00
5.506640000000000000e+09 -9.392182571999999396e+00
5.506720000000000000e+09 -9.393412463000000656e+00
5.506800000000000000e+09 -9.392157342999999159e+00
5.506880000000000000e+09 -9.392582005999999595e+00
5.506960000000000000e+09 -9.392500521000000546e+00
5.507040000000000000e+09 -9.395693943999999576e+00
5.507120000000000000e+09 -9.396284158000000275e+00
5.507200000000000000e+09 -9.399444435999999570e+00
5.507280000000000000e+09 -9.398729080000000735e+00
5.507360000000000000e+09 -9.400785106000000724e+00
5.507440000000000000e+09 -9.401602855000000147e+00
5.507520000000000000e+09 -9.399090663999999151e+00
5.507600000000000000e+09 -9.402919475999999221e+00
5.507680000000000000e+09 -9.401952936000000705e+00
5.507760000000000000e+09 -9.404274830000000307e+00
5.507840000000000000e+09 -9.404749905999999271e+00
5.507920000000000000e+09 -9.405010932999999795e+00
5.508000000000000000e+09 -9.406823227000000287e+00
5.508080000000000000e+09 -9.405209349999999802e+00
5.508160000000000000e+09 -9.407602019000000482e+00
5.508240000000000000e+09 -9.408073954000000683e+00
5.508320000000000000e+09 -9.410098977000000531e+00
5.508400000000000000e+09 -9.411666731000000397e+00
5.508480000000000000e+09 -9.410549757000000071e+00
5.508560000000000000e+09 -9.409363670999999485e+00
5.508640000000000000e+09 -9.411753153999999455e+00
5.508720000000000000e+09 -9.413406321000000077e+00
5.508800000000000000e+09 -9.410694382000000857e+00
5.508880000000000000e+09 -9.414376548999999983e+00
5.508960000000000000e+09 -9.415305439999999138e+00
5.509040000000000000e+09 -9.415096725999999805e+00
5.509120000000000000e+09 -9.416821828999999866e+00
5.509200000000000000e+09 -9.415569410999999889e+00
5.509280000000000000e+09 -9.417301331000000886e+00
5.509360000000000000e+09 -9.417006511000000302e+00
5.509440000000000000e+09 -9.416033918000000114e+00
5.509520000000000000e+09 -9.418037790999999714e+00
5.509600000000000000e+09 -9.420407285999999658e+00
5.509680000000000000e+09 -9.420005756000000119e+00
5.509760000000000000e+09 -9.418688730999999592e+00
5.509840000000000000e+09 -9.419226983999999803e+00
5.509920000000000000e+09 -9.418250515000000433e+00
5.510000000000000000e+09 -9.420493522999999314e+00
5.510080000000000000e+09 -9.420262496999999513e+00
5.510160000000000000e+09 -9.423724357999999413e+00
5.510240000000000000e+09 -9.423937627000000816e+00
5.510320000000000000e+09 -9.423466128999999469e+00
5.510400000000000000e+09 -9.422936461000000818e+00
5.510480000000000000e+09 -9.424136898000000429e+00
5.510560000000000000e+09 -9.425743496000000832e+00
5.510640000000000000e+09 -9.424768420999999563e+00
5.510720000000000000e+09 -9.425315864999999960e+00
5.510800000000000000e+09 -9.426805136000000473e+00
5.510880000000000000e+09 -9.427840173999999962e+00
5.510960000000000000e+09 -9.429128568999999516e+00
5.511040000000000000e+09 -9.426860285000000061e+00
5.511120000000000000e+09 -9.427508316000000832e+00
5.511200000000000000e+09 -9.427669193999999919e+00
5.511280000000000000e+09 -9.426984414999999728e+00
5.511360000000000000e+09 -9.428821247000000128e+00
5.511440000000000000e+09 -9.430879779999999712e+00
5.511520000000000000e+09 -9.432126029000000855e+00
5.511600000000000000e+09 -9.430787771000000319e+00
5.511680000000000000e+09 -9.430207744000000503e+00
5.511760000000000000e+09 -9.433390350999999896e+00
5.511840000000000000e+09 -9.433441729000000109e+00
5.511920000000000000e+09 -9.433602298000000275e+00
5.512000000000000000e+09 -9.433058297000000536e+00
5.512080000000000000e+09 -9.435067608000000661e+00
5.512160000000000000e+09 -9.432284757999999769e+00
5.512240000000000000e+09 -9.432774251999999748e+00
5.512320000000000000e+09 -9.432931797000000174e+00
5.512400000000000000e+09 -9.435860372000000496e+00
5.512480000000000000e+09 -9.436939845999999577e+00
5.512560000000000000e+09 -9.433912239999999727e+00
5.512640000000000000e+09 -9.434071661000000830e+00
5.512720000000000000e+09 -9.435568668000000159e+00
5.512800000000000000e+09 -9.437383146000000167e+00
5.512880000000000000e+09 -9.437157852000000346e+00
5.512960000000000000e+09 -9.438562892000000204e+00
5.513040000000000000e+09 -9.435432661000000110e+00
5.513120000000000000e+09 -9.438486586999999872e+00
5.513200000000000000e+09 -9.437545086000000083e+00
5.513280000000000000e+09 -9.434686619000000718e+00
5.513360000000000000e+09 -9.437044964000000036e+00
5.513440000000000000e+09 -9.437743643999999321e+00
5.513520000000000000e+09 -9.438307862000000270e+00
5.513600000000000000e+09 -9.437409757999999371e+00
5.513680000000000000e+09 -9.435112723999999673e+00
5.513760000000000000e+09 -9.437006421999999617e+00
5.513840000000000000e+09 -9.438188431000000378e+00
5.513920000000000000e+09 -9.437676944999999762e+00
5.514000000000000000e+09 -9.438394790000000256e+00
5.514080000000000000e+09 -9.439325471000000078e+00
5.514160000000000000e+09 -9.439530338999999159e+00
5.514240000000000000e+09 -9.438715450000000118e+00
5.514320000000000000e+09 -9.438019289999999728e+00
5.514400000000000000e+09 -9.437637234000000319e+00
5.514480000000000000e+09 -9.437371303999999128e+00
5.514560000000000000e+09 -9.437845118000000255e+00
5.514640000000000000e+09 -9.437295955999999819e+00
5.514720000000000000e+09 -9.438997743999999912e+00
5.514800000000000000e+09 -9.439240961999999513e+00
5.514880000000000000e+09 -9.436722910000000297e+00
5.514960000000000000e+09 -9.438429341000000861e+00
5.515040000000000000e+09 -9.439107649000000322e+00
5.515120000000000000e+09 -9.440064739000000316e+00
5.515200000000000000e+09 -9.438660398999999757e+00
5.515280000000000000e+09 -9.436783852999999667e+00
5.515360000000000000e+09 -9.436293898000000624e+00
5.515440000000000000e+09 -9.435610900000000356e+00
5.515520000000000000e+09 -9.435699550000000713e+00
5.515600000000000000e+09 -9.438004939000000704e+00
5.515680000000000000e+09 -9.437600915000000867e+00
5.515760000000000000e+09 -9.435433043999999825e+00
5.515840000000000000e+09 -9.438367393000000050e+00
5.515920000000000000e+09 -9.434608264999999605e+00
5.516000000000000000e+09 -9.435675930000000378e+00
5.516080000000000000e+09 -9.436887406000000311e+00
5.516160000000000000e+09 -9.436138718000000480e+00
5.516240000000000000e+09 -9.434027177999999125e+00
5.516320000000000000e+09 -9.437178846000000121e+00
5.516400000000000000e+09 -9.436420802000000663e+00
5.516480000000000000e+09 -9.436370458000000738e+00
5.516560000000000000e+09 -9.434075018999999784e+00
5.516640000000000000e+09 -9.436575835999999384e+00
5.516720000000000000e+09 -9.433118688000000418e+00
5.516800000000000000e+09 -9.432709292000000190e+00
5.516880000000000000e+09 -9.434599190000000135e+00
5.516960000000000000e+09 -9.432419174999999711e+00
5.517040000000000000e+09 -9.433623680000000178e+00
5.517120000000000000e+09 -9.432316949000000506e+00
5.517200000000000000e+09 -9.432753374000000690e+00
5.517280000000000000e+09 -9.429745940000000104e+00
5.517360000000000000e+09 -9.432944265999999800e+00
5.517440000000000000e+09 -9.433020799999999539e+00
5.517520000000000000e+09 -9.430008559999999207e+00
5.517600000000000000e+09 -9.430461178999999916e+00
5.517680000000000000e+09 -9.431449609999999595e+00
5.517760000000000000e+09 -9.429491973999999388e+00
5.517840000000000000e+09 -9.432011217999999531e+00
5.517920000000000000e+09 -9.432425303000000483e+00
5.518000000000000000e+09 -9.428253216999999964e+00
5.518080000000000000e+09 -9.430456219999999945e+00
5.518160000000000000e+09 -9.427229033999999785e+00
5.518240000000000000e+09 -9.429512002999999254e+00
5.518320000000000000e+09 -9.430796572000000211e+00
5.518400000000000000e+09 -9.427748132999999697e+00
5.518480000000000000e+09 -9.427875041000000067e+00
5.518560000000000000e+09 -9.428757214000000886e+00
5.518640000000000000e+09 -9.426728136999999563e+00
5.518720000000000000e+09 -9.427254239999999896e+00
5.518800000000000000e+09 -9.427386924000000334e+00
5.518880000000000000e+09 -9.425578052000000540e+00
5.518960000000000000e+09 -9.427261020999999630e+00
5.519040000000000000e+09 -9.426512780999999563e+00
5.519120000000000000e+09 -9.424238750000000664e+00
5.519200000000000000e+09 -9.423698517000000052e+00
5.519280000000000000e+09 -9.422829830999999601e+00
5.519360000000000000e+09 -9.423029467999999298e+00
5.519440000000000000e+09 -9.423174314000000606e+00
5.519520000000000000e+09 -9.422004202000000106e+00
5.519600000000000000e+09 -9.419778004999999510e+00
5.519680000000000000e+09 -9.422102565999999513e+00
5.519760000000000000e+09 -9.418616524000000823e+00
5.519840000000000000e+09 -9.419107603000000495e+00
5.519920000000000000e+09 -9.418877416000000835e+00
5.520000000000000000e+09 -9.420317674999999724e+00
