5.440000000000000000e+09 -9.111460165000000444e+00
5.440080000000000000e+09 -9.108012367000000609e+00
5.440160000000000000e+09 -9.115398136999999679e+00
5.440240000000000000e+09 -9.113501418000000243e+00
5.440320000000000000e+09 -9.108062934999999527e+00
5.440400000000000000e+09 -9.115668160000000242e+00
5.440480000000000000e+09 -9.136063893999999408e+00
5.440560000000000000e+09 -9.123737827999999439e+00
5.440640000000000000e+09 -9.107233810000000318e+00
5.440720000000000000e+09 -9.126145471999999259e+00
5.440800000000000000e+09 -9.111975277999999179e+00
5.440880000000000000e+09 -9.117475708000000623e+00
5.440960000000000000e+09 -9.123215425999999795e+00
5.441040000000000000e+09 -9.132666898000000089e+00
5.441120000000000000e+09 -9.125589013000000804e+00
5.441200000000000000e+09 -9.126631414000000220e+00
5.441280000000000000e+09 -9.126845289000000250e+00
5.441360000000000000e+09 -9.130863261000000008e+00
5.441440000000000000e+09 -9.116120453000000623e+00
5.441520000000000000e+09 -9.110484451999999678e+00
5.441600000000000000e+09 -9.113191029999999415e+00
5.441680000000000000e+09 -9.120104298999999415e+00
5.441760000000000000e+09 -9.138958539000000769e+00
5.441840000000000000e+09 -9.126777362000000338e+00
5.441920000000000000e+09 -9.133399561999999250e+00
5.442000000000000000e+09 -9.132617583000000039e+00
5.442080000000000000e+09 -9.125590716999999685e+00
5.442160000000000000e+09 -9.134741022000000044e+00
5.442240000000000000e+09 -9.125765631000000155e+00
5.442320000000000000e+09 -9.135087110000000621e+00
5.442400000000000000e+09 -9.123133891000000162e+00
5.442480000000000000e+09 -9.115414598999999285e+00
5.442560000000000000e+09 -9.133766729999999612e+00
5.442640000000000000e+09 -9.118925144000000316e+00
5.442720000000000000e+09 -9.118821188000000078e+00
5.442800000000000000e+09 -9.124053826000000811e+00
5.442880000000000000e+09 -9.133097468000000774e+00
5.442960000000000000e+09 -9.143143022000000286e+00
5.443040000000000000e+09 -9.124189679000000552e+00
5.443120000000000000e+09 -9.122408302000000191e+00
5.443200000000000000e+09 -9.135396356999999412e+00
5.443280000000000000e+09 -9.123105417999999744e+00
5.443360000000000000e+09 -9.146156234999999413e+00
5.443440000000000000e+09 -9.147712665000000243e+00
5.443520000000000000e+09 -9.121450969999999714e+00
5.443600000000000000e+09 -9.130122347000000360e+00
5.443680000000000000e+09 -9.124669303999999315e+00
5.443760000000000000e+09 -9.130745085999999233e+00
5.443840000000000000e+09 -9.131781957999999477e+00
5.443920000000000000e+09 -9.136426211999999936e+00
5.444000000000000000e+09 -9.136459010999999464e+00
5.444080000000000000e+09 -9.131114230999999748e+00
5.444160000000000000e+09 -9.124496678999999943e+00
5.444240000000000000e+09 -9.136537644000000569e+00
5.444320000000000000e+09 -9.131971992000000427e+00
5.444400000000000000e+09 -9.135716582000000585e+00
5.444480000000000000e+09 -9.127713631000000660e+00
5.444560000000000000e+09 -9.118166977999999645e+00
5.444640000000000000e+09 -9.136852122000000520e+00
5.444720000000000000e+09 -9.149272049000000351e+00
5.444800000000000000e+09 -9.141186309000000065e+00
5.444880000000000000e+09 -9.129705409999999688e+00
5.444960000000000000e+09 -9.148868840000000446e+00
5.445040000000000000e+09 -9.149010012999999830e+00
5.445120000000000000e+09 -9.138710894999999113e+00
5.445200000000000000e+09 -9.137797389999999353e+00
5.445280000000000000e+09 -9.130973763000000076e+00
5.445360000000000000e+09 -9.131207458000000443e+00
5.445440000000000000e+09 -9.143359535000000093e+00
5.445520000000000000e+09 -9.137881284000000548e+00
5.445600000000000000e+09 -9.145466880000000742e+00
5.445680000000000000e+09 -9.146330915000000061e+00
5.445760000000000000e+09 -9.154944318000000081e+00
5.445840000000000000e+09 -9.152221951999999661e+00
5.445920000000000000e+09 -9.143831052999999542e+00
5.446000000000000000e+09 -9.140740946999999395e+00
5.446080000000000000e+09 -9.139466192000000433e+00
5.446160000000000000e+09 -9.146608437999999452e+00
5.446240000000000000e+09 -9.156501293999999902e+00
5.446320000000000000e+09 -9.153574912999999924e+00
5.446400000000000000e+09 -9.144060037999999224e+00
5.446480000000000000e+09 -9.158840108999999785e+00
5.446560000000000000e+09 -9.165163506000000737e+00
5.446640000000000000e+09 -9.157516271000000430e+00
5.446720000000000000e+09 -9.150927195999999597e+00
5.446800000000000000e+09 -9.144945249999999248e+00
5.446880000000000000e+09 -9.143737083999999626e+00
5.446960000000000000e+09 -9.159893148000000096e+00
5.447040000000000000e+09 -9.155525426000000522e+00
5.447120000000000000e+09 -9.169512328999999795e+00
5.447200000000000000e+09 -9.158572380000000734e+00
5.447280000000000000e+09 -9.161183571000000470e+00
5.447360000000000000e+09 -9.166634570999999454e+00
5.447440000000000000e+09 -9.161990504000000257e+00
5.447520000000000000e+09 -9.156296090999999748e+00
5.447600000000000000e+09 -9.172367848000000379e+00
5.447680000000000000e+09 -9.158379082999999810e+00
5.447760000000000000e+09 -9.164680505999999838e+00
5.447840000000000000e+09 -9.181134073000000839e+00
5.447920000000000000e+09 -9.174687795000000534e+00
5.448000000000000000e+09 -9.165489115999999825e+00
5.448080000000000000e+09 -9.170062384999999594e+00
5.448160000000000000e+09 -9.189308018000000189e+00
5.448240000000000000e+09 -9.185826226999999733e+00
5.448320000000000000e+09 -9.168262550999999760e+00
5.448400000000000000e+09 -9.191176988000000492e+00
5.448480000000000000e+09 -9.170075445000000158e+00
5.448560000000000000e+09 -9.164975364000000013e+00
5.448640000000000000e+09 -9.189691893999999195e+00
5.448720000000000000e+09 -9.193515782000000414e+00
5.448800000000000000e+09 -9.189280124999999799e+00
5.448880000000000000e+09 -9.176421500000000009e+00
5.448960000000000000e+09 -9.171434812999999409e+00
5.449040000000000000e+09 -9.181897249000000372e+00
5.449120000000000000e+09 -9.192927166000000483e+00
5.449200000000000000e+09 -9.191255842000000342e+00
5.449280000000000000e+09 -9.196495750000000413e+00
5.449360000000000000e+09 -9.200927354999999253e+00
5.449440000000000000e+09 -9.194637137000000848e+00
5.449520000000000000e+09 -9.182193406999999752e+00
5.449600000000000000e+09 -9.203593839999999915e+00
5.449680000000000000e+09 -9.185379045999999548e+00
5.449760000000000000e+09 -9.205608185999999193e+00
5.449840000000000000e+09 -9.182515191000000243e+00
5.449920000000000000e+09 -9.194577501999999569e+00
5.450000000000000000e+09 -9.195112983999999656e+00
5.450080000000000000e+09 -9.199907076000000572e+00
5.450160000000000000e+09 -9.190615945999999425e+00
5.450240000000000000e+09 -9.217785125000000690e+00
5.450320000000000000e+09 -9.208757264000000831e+00
5.450400000000000000e+09 -9.199623638000000270e+00
5.450480000000000000e+09 -9.198283243000000553e+00
5.450560000000000000e+09 -9.213776665999999338e+00
5.450640000000000000e+09 -9.210535800000000606e+00
5.450720000000000000e+09 -9.200256474999999767e+00
5.450800000000000000e+09 -9.199475135000000137e+00
5.450880000000000000e+09 -9.212533546999999601e+00
5.450960000000000000e+09 -9.204323792000000282e+00
5.451040000000000000e+09 -9.208145902000000049e+00
5.451120000000000000e+09 -9.214131909000000675e+00
5.451200000000000000e+09 -9.210729618000000229e+00
5.451280000000000000e+09 -9.209757402999999343e+00
5.451360000000000000e+09 -9.219394708999999466e+00
5.451440000000000000e+09 -9.216165128000000095e+00
5.451520000000000000e+09 -9.207733957000000302e+00
5.451600000000000000e+09 -9.220673542000000111e+00
5.451680000000000000e+09 -9.220849706999999285e+00
5.451760000000000000e+09 -9.217124955999999258e+00
5.451840000000000000e+09 -9.231558289000000528e+00
5.451920000000000000e+09 -9.246815503000000547e+00
5.452000000000000000e+09 -9.222592771000000411e+00
5.452080000000000000e+09 -9.224067046000000047e+00
5.452160000000000000e+09 -9.229389444000000609e+00
5.452240000000000000e+09 -9.230152622000000306e+00
5.452320000000000000e+09 -9.242521809999999505e+00
5.452400000000000000e+09 -9.230105628000000451e+00
5.452480000000000000e+09 -9.227344258000000465e+00
5.452560000000000000e+09 -9.239366298000000199e+00
5.452640000000000000e+09 -9.249947660000000127e+00
5.452720000000000000e+09 -9.229904838999999583e+00
5.452800000000000000e+09 -9.244556502000000009e+00
5.452880000000000000e+09 -9.241979576000000307e+00
5.452960000000000000e+09 -9.237151458999999676e+00
5.453040000000000000e+09 -9.246398501999999908e+00
5.453120000000000000e+09 -9.253657162999999741e+00
5.453200000000000000e+09 -9.235378843999999532e+00
5.453280000000000000e+09 -9.253044003999999489e+00
5.453360000000000000e+09 -9.245092138000000404e+00
5.453440000000000000e+09 -9.242220918999999313e+00
5.453520000000000000e+09 -9.234834188000000665e+00
5.453600000000000000e+09 -9.276983130999999716e+00
5.453680000000000000e+09 -9.270427374000000498e+00
5.453760000000000000e+09 -9.233132348999999905e+00
5.453840000000000000e+09 -9.268456087000000565e+00
5.453920000000000000e+09 -9.255750492000000662e+00
5.454000000000000000e+09 -9.261817755999999235e+00
5.454080000000000000e+09 -9.253308541000000886e+00
5.454160000000000000e+09 -9.261419047000000404e+00
5.454240000000000000e+09 -9.276370435000000469e+00
5.454320000000000000e+09 -9.276977732000000643e+00
5.454400000000000000e+09 -9.274299249000000245e+00
5.454480000000000000e+09 -9.256944422000000117e+00
5.454560000000000000e+09 -9.273756056999999942e+00
5.454640000000000000e+09 -9.270114193999999586e+00
5.454720000000000000e+09 -9.275454368000000116e+00
5.454800000000000000e+09 -9.279116931000000790e+00
5.454880000000000000e+09 -9.288694132999999908e+00
5.454960000000000000e+09 -9.277385758999999510e+00
5.455040000000000000e+09 -9.298856491000000446e+00
5.455120000000000000e+09 -9.296973890000000296e+00
5.455200000000000000e+09 -9.288240343000000010e+00
5.455280000000000000e+09 -9.283488368000000435e+00
5.455360000000000000e+09 -9.303477376000000021e+00
5.455440000000000000e+09 -9.263070625999999308e+00
5.455520000000000000e+09 -9.303659000999999762e+00
5.455600000000000000e+09 -9.279617287000000658e+00
5.455680000000000000e+09 -9.297236505000000761e+00
5.455760000000000000e+09 -9.300304855000000259e+00
5.455840000000000000e+09 -9.281135577000000580e+00
5.455920000000000000e+09 -9.288234172999999316e+00
5.456000000000000000e+09 -9.286988422000000298e+00
5.456080000000000000e+09 -9.308421220999999690e+00
5.456160000000000000e+09 -9.307689891000000770e+00
5.456240000000000000e+09 -9.302979183999999790e+00
5.456320000000000000e+09 -9.312224665000000456e+00
5.456400000000000000e+09 -9.307551532999999822e+00
5.456480000000000000e+09 -9.290347555000000312e+00
5.456560000000000000e+09 -9.311008046999999621e+00
5.456640000000000000e+09 -9.318955024999999281e+00
5.456720000000000000e+09 -9.317795671000000723e+00
5.456800000000000000e+09 -9.316550777999999866e+00
5.456880000000000000e+09 -9.326279988999999659e+00
5.456960000000000000e+09 -9.318176169999999203e+00
5.457040000000000000e+09 -9.322726460000000159e+00
5.457120000000000000e+09 -9.324228193999999803e+00
5.457200000000000000e+09 -9.313600158999999934e+00
5.457280000000000000e+09 -9.334315738000000806e+00
5.457360000000000000e+09 -9.327582379000000756e+00
5.457440000000000000e+09 -9.322655324999999493e+00
5.457520000000000000e+09 -9.340051580000000797e+00
5.457600000000000000e+09 -9.344124621000000630e+00
5.457680000000000000e+09 -9.348311747000000338e+00
5.457760000000000000e+09 -9.324660988999999844e+00
5.457840000000000000e+09 -9.347547217000000686e+00
5.457920000000000000e+09 -9.350092515000000049e+00
5.458000000000000000e+09 -9.343872233000000804e+00
5.458080000000000000e+09 -9.355543338000000375e+00
5.458160000000000000e+09 -9.354166874000000576e+00
5.458240000000000000e+09 -9.354874493000000513e+00
5.458320000000000000e+09 -9.353069053000000466e+00
5.458400000000000000e+09 -9.351612532000000755e+00
5.458480000000000000e+09 -9.361023511999999158e+00
5.458560000000000000e+09 -9.376235938000000658e+00
5.458640000000000000e+09 -9.353492585999999775e+00
5.458720000000000000e+09 -9.355427614999999975e+00
5.458800000000000000e+09 -9.379050070999999988e+00
5.458880000000000000e+09 -9.369709443999999721e+00
5.458960000000000000e+09 -9.378724455000000404e+00
5.459040000000000000e+09 -9.362181052000000392e+00
5.459120000000000000e+09 -9.386150771000000503e+00
5.459200000000000000e+09 -9.380756480000000508e+00
5.459280000000000000e+09 -9.385175609999999224e+00
5.459360000000000000e+09 -9.369473006999999853e+00
5.459440000000000000e+09 -9.387880069999999577e+00
5.459520000000000000e+09 -9.378383818999999733e+00
5.459600000000000000e+09 -9.387587218000000178e+00
5.459680000000000000e+09 -9.385940421999999117e+00
5.459760000000000000e+09 -9.386475253000000407e+00
5.459840000000000000e+09 -9.371188399999999419e+00
5.459920000000000000e+09 -9.397198700000000571e+00
5.460000000000000000e+09 -9.383293157000000662e+00
5.460080000000000000e+09 -9.400166608999999340e+00
5.460160000000000000e+09 -9.387644085999999888e+00
5.460240000000000000e+09 -9.396890580999999187e+00
5.460320000000000000e+09 -9.392393952999999129e+00
5.460400000000000000e+09 -9.403938519000000440e+00
5.460480000000000000e+09 -9.395055345999999474e+00
5.460560000000000000e+09 -9.424063170000000156e+00
5.460640000000000000e+09 -9.416207004000000325e+00
5.460720000000000000e+09 -9.423279790000000489e+00
5.460800000000000000e+09 -9.419949081000000390e+00
5.460880000000000000e+09 -9.437349061000000816e+00
5.460960000000000000e+09 -9.416353903999999275e+00
5.461040000000000000e+09 -9.416915379000000641e+00
5.461120000000000000e+09 -9.444691323000000693e+00
5.461200000000000000e+09 -9.432342181999999298e+00
5.461280000000000000e+09 -9.426934882999999488e+00
5.461360000000000000e+09 -9.430787063000000359e+00
5.461440000000000000e+09 -9.433322324000000592e+00
5.461520000000000000e+09 -9.436393505999999931e+00
5.461600000000000000e+09 -9.442090896999999927e+00
5.461680000000000000e+09 -9.444151946999999936e+00
5.461760000000000000e+09 -9.437658948999999353e+00
5.461840000000000000e+09 -9.438382395999999730e+00
5.461920000000000000e+09 -9.449177034999999947e+00
5.462000000000000000e+09 -9.466928018999999139e+00
5.462080000000000000e+09 -9.457549168999999978e+00
5.462160000000000000e+09 -9.458593141999999787e+00
5.462240000000000000e+09 -9.468556867000000210e+00
5.462320000000000000e+09 -9.454718714000000190e+00
5.462400000000000000e+09 -9.470841142999999462e+00
5.462480000000000000e+09 -9.462198776999999339e+00
5.462560000000000000e+09 -9.460726233000000818e+00
5.462640000000000000e+09 -9.472320494999999951e+00
5.462720000000000000e+09 -9.457177685999999639e+00
5.462800000000000000e+09 -9.459394003999999967e+00
5.462880000000000000e+09 -9.499128226999999924e+00
5.462960000000000000e+09 -9.476162765999999849e+00
5.463040000000000000e+09 -9.496247804999999431e+00
5.463120000000000000e+09 -9.493979434999999967e+00
5.463200000000000000e+09 -9.482227389000000173e+00
5.463280000000000000e+09 -9.495105299000000443e+00
5.463360000000000000e+09 -9.506693367000000450e+00
5.463440000000000000e+09 -9.488900136999999901e+00
5.463520000000000000e+09 -9.496183750000000146e+00
5.463600000000000000e+09 -9.499577973999999259e+00
5.463680000000000000e+09 -9.517766209999999560e+00
5.463760000000000000e+09 -9.495601525999999737e+00
5.463840000000000000e+09 -9.504975581000000062e+00
5.463920000000000000e+09 -9.529373242000000133e+00
5.464000000000000000e+09 -9.518330975999999666e+00
5.464080000000000000e+09 -9.534686194000000725e+00
5.464160000000000000e+09 -9.523711288999999525e+00
5.464240000000000000e+09 -9.512730031000000253e+00
5.464320000000000000e+09 -9.555903818999999189e+00
5.464400000000000000e+09 -9.536504189000000409e+00
5.464480000000000000e+09 -9.526398120999999719e+00
5.464560000000000000e+09 -9.535802374999999387e+00
5.464640000000000000e+09 -9.554407239999999746e+00
5.464720000000000000e+09 -9.538882855000000660e+00
5.464800000000000000e+09 -9.550165663999999666e+00
5.464880000000000000e+09 -9.552832783999999577e+00
5.464960000000000000e+09 -9.566829024000000459e+00
5.465040000000000000e+09 -9.548979051999999967e+00
5.465120000000000000e+09 -9.559380921000000697e+00
5.465200000000000000e+09 -9.573233791999999909e+00
5.465280000000000000e+09 -9.573565108000000379e+00
5.465360000000000000e+09 -9.569328151000000560e+00
5.465440000000000000e+09 -9.571036488000000730e+00
5.465520000000000000e+09 -9.574036268000000405e+00
5.465600000000000000e+09 -9.579644505999999282e+00
5.465680000000000000e+09 -9.587759053999999281e+00
5.465760000000000000e+09 -9.576139646999999755e+00
5.465840000000000000e+09 -9.582644687000000161e+00
5.465920000000000000e+09 -9.579275790000000512e+00
5.466000000000000000e+09 -9.604416065000000557e+00
5.466080000000000000e+09 -9.612569799999999276e+00
5.466160000000000000e+09 -9.619859202000000664e+00
5.466240000000000000e+09 -9.605590359000000689e+00
5.466320000000000000e+09 -9.609737893000000142e+00
5.466400000000000000e+09 -9.622516788000000432e+00
5.466480000000000000e+09 -9.626894603000000217e+00
5.466560000000000000e+09 -9.633084589999999281e+00
5.466640000000000000e+09 -9.639221975999999970e+00
5.466720000000000000e+09 -9.646385437999999368e+00
5.466800000000000000e+09 -9.652844360999999651e+00
5.466880000000000000e+09 -9.656146640999999420e+00
5.466960000000000000e+09 -9.650887097000000026e+00
5.467040000000000000e+09 -9.649131140999999801e+00
5.467120000000000000e+09 -9.662079844999999167e+00
5.467200000000000000e+09 -9.664900760000000091e+00
5.467280000000000000e+09 -9.672314045000000249e+00
5.467360000000000000e+09 -9.684815594999999888e+00
5.467440000000000000e+09 -9.663042589999999876e+00
5.467520000000000000e+09 -9.667804905000000559e+00
5.467600000000000000e+09 -9.684969890999999720e+00
5.467680000000000000e+09 -9.713796026000000694e+00
5.467760000000000000e+09 -9.709783468999999556e+00
5.467840000000000000e+09 -9.701150288999999205e+00
5.467920000000000000e+09 -9.719675696999999559e+00
5.468000000000000000e+09 -9.711399334999999411e+00
5.468080000000000000e+09 -9.714819080999999912e+00
5.468160000000000000e+09 -9.712059325000000243e+00
5.468240000000000000e+09 -9.723447356999999514e+00
5.468320000000000000e+09 -9.736005482999999572e+00
5.468400000000000000e+09 -9.721847273999999928e+00
5.468480000000000000e+09 -9.742305915999999399e+00
5.468560000000000000e+09 -9.760657830999999618e+00
5.468640000000000000e+09 -9.760381642000000468e+00
5.468720000000000000e+09 -9.763855674000000207e+00
5.468800000000000000e+09 -9.775958198999999738e+00
5.468880000000000000e+09 -9.779631554999999921e+00
5.468960000000000000e+09 -9.761075334999999242e+00
5.469040000000000000e+09 -9.780469667000000200e+00
5.469120000000000000e+09 -9.798393905999999376e+00
5.469200000000000000e+09 -9.779569253000000018e+00
5.469280000000000000e+09 -9.807332525999999717e+00
5.469360000000000000e+09 -9.805241518000000767e+00
5.469440000000000000e+09 -9.814164368000000138e+00
5.469520000000000000e+09 -9.825123061999999408e+00
5.469600000000000000e+09 -9.825847705999999349e+00
5.469680000000000000e+09 -9.820879892000000666e+00
5.469760000000000000e+09 -9.845629715999999476e+00
5.469840000000000000e+09 -9.834824253000000738e+00
5.469920000000000000e+09 -9.863884305999999214e+00
5.470000000000000000e+09 -9.875244108000000409e+00
5.470080000000000000e+09 -9.853723864000000887e+00
5.470160000000000000e+09 -9.876717023999999512e+00
5.470240000000000000e+09 -9.879523316000000221e+00
5.470320000000000000e+09 -9.897137934999999942e+00
5.470400000000000000e+09 -9.901420786999999279e+00
5.470480000000000000e+09 -9.918287406999999334e+00
5.470560000000000000e+09 -9.923295432999999832e+00
5.470640000000000000e+09 -9.936333854000000798e+00
5.470720000000000000e+09 -9.940324786999999773e+00
5.470800000000000000e+09 -9.940618889999999652e+00
5.470880000000000000e+09 -9.951944684000000763e+00
5.470960000000000000e+09 -9.960897179999999906e+00
5.471040000000000000e+09 -9.983044577999999447e+00
5.471120000000000000e+09 -1.000981125000000027e+01
5.471200000000000000e+09 -1.000705723999999996e+01
5.471280000000000000e+09 -1.000519878999999968e+01
5.471360000000000000e+09 -1.003095350999999980e+01
5.471440000000000000e+09 -1.002826254000000006e+01
5.471520000000000000e+09 -1.005436457999999966e+01
5.471600000000000000e+09 -1.005845953999999942e+01
5.471680000000000000e+09 -1.008540291000000089e+01
5.471760000000000000e+09 -1.009031805000000048e+01
5.471840000000000000e+09 -1.010149630999999992e+01
5.471920000000000000e+09 -1.010670810999999958e+01
5.472000000000000000e+09 -1.012582057999999918e+01
5.472080000000000000e+09 -1.014518209999999954e+01
5.472160000000000000e+09 -1.015853652999999923e+01
5.472240000000000000e+09 -1.016300133000000017e+01
5.472320000000000000e+09 -1.017616695999999976e+01
5.472400000000000000e+09 -1.020262570000000046e+01
5.472480000000000000e+09 -1.021842868000000060e+01
5.472560000000000000e+09 -1.022841524000000035e+01
5.472640000000000000e+09 -1.021589797999999938e+01
5.472720000000000000e+09 -1.025899732999999969e+01
5.472800000000000000e+09 -1.027581696000000022e+01
5.472880000000000000e+09 -1.029997413999999978e+01
5.472960000000000000e+09 -1.031244296999999932e+01
5.473040000000000000e+09 -1.032651758999999991e+01
5.473120000000000000e+09 -1.034287396000000037e+01
5.473200000000000000e+09 -1.037218076999999994e+01
5.473280000000000000e+09 -1.037889387999999968e+01
5.473360000000000000e+09 -1.040348990999999934e+01
5.473440000000000000e+09 -1.044046939000000052e+01
5.473520000000000000e+09 -1.045610139000000061e+01
5.473600000000000000e+09 -1.048801989000000034e+01
5.473680000000000000e+09 -1.051934203999999973e+01
5.473760000000000000e+09 -1.052628553999999994e+01
5.473840000000000000e+09 -1.056671633000000021e+01
5.473920000000000000e+09 -1.057252032000000064e+01
5.474000000000000000e+09 -1.062924229000000054e+01
5.474080000000000000e+09 -1.062586720000000007e+01
5.474160000000000000e+09 -1.065644340999999962e+01
5.474240000000000000e+09 -1.067979975999999986e+01
5.474320000000000000e+09 -1.070859817999999919e+01
5.474400000000000000e+09 -1.075471332999999952e+01
5.474480000000000000e+09 -1.079836704999999952e+01
5.474560000000000000e+09 -1.081853708999999952e+01
5.474640000000000000e+09 -1.085634225999999991e+01
5.474720000000000000e+09 -1.089487092999999973e+01
5.474800000000000000e+09 -1.090963087000000087e+01
5.474880000000000000e+09 -1.098257568000000006e+01
5.474960000000000000e+09 -1.101807679000000029e+01
5.475040000000000000e+09 -1.106795810999999929e+01
5.475120000000000000e+09 -1.108562453999999953e+01
5.475200000000000000e+09 -1.114719191999999914e+01
5.475280000000000000e+09 -1.119483748999999939e+01
5.475360000000000000e+09 -1.122395906999999937e+01
5.475440000000000000e+09 -1.127845132000000028e+01
5.475520000000000000e+09 -1.131786422999999964e+01
5.475600000000000000e+09 -1.138025707000000075e+01
5.475680000000000000e+09 -1.144966864000000051e+01
5.475760000000000000e+09 -1.151438635000000055e+01
5.475840000000000000e+09 -1.155294218000000050e+01
5.475920000000000000e+09 -1.162260157999999954e+01
5.476000000000000000e+09 -1.167930450000000064e+01
5.476080000000000000e+09 -1.176195912000000021e+01
5.476160000000000000e+09 -1.179226279999999960e+01
5.476240000000000000e+09 -1.186772659999999924e+01
5.476320000000000000e+09 -1.195628944000000082e+01
5.476400000000000000e+09 -1.204239970999999976e+01
5.476480000000000000e+09 -1.210992210000000036e+01
5.476560000000000000e+09 -1.218840965000000054e+01
5.476640000000000000e+09 -1.225312298999999960e+01
5.476720000000000000e+09 -1.234904936999999947e+01
5.476800000000000000e+09 -1.239383974000000066e+01
5.476880000000000000e+09 -1.249993169999999942e+01
5.476960000000000000e+09 -1.258759307999999955e+01
5.477040000000000000e+09 -1.263455979999999990e+01
5.477120000000000000e+09 -1.274271191999999964e+01
5.477200000000000000e+09 -1.280862759000000040e+01
5.477280000000000000e+09 -1.290449433000000035e+01
5.477360000000000000e+09 -1.296613606000000019e+01
5.477440000000000000e+09 -1.303975623000000006e+01
5.477520000000000000e+09 -1.310050282000000088e+01
5.477600000000000000e+09 -1.317000832000000088e+01
5.477680000000000000e+09 -1.321295087000000024e+01
5.477760000000000000e+09 -1.325255253000000089e+01
5.477840000000000000e+09 -1.333754811000000018e+01
5.477920000000000000e+09 -1.333948999999999963e+01
5.478000000000000000e+09 -1.334829717000000038e+01
5.478080000000000000e+09 -1.336930968999999969e+01
5.478160000000000000e+09 -1.334065363999999931e+01
5.478240000000000000e+09 -1.337333319999999937e+01
5.478320000000000000e+09 -1.335142880000000076e+01
5.478400000000000000e+09 -1.331952846999999984e+01
5.478480000000000000e+09 -1.326852863000000049e+01
5.478560000000000000e+09 -1.322137666000000067e+01
5.478640000000000000e+09 -1.315333324999999931e+01
5.478720000000000000e+09 -1.310214080000000081e+01
5.478800000000000000e+09 -1.299896168999999979e+01
5.478880000000000000e+09 -1.290457514000000039e+01
5.478960000000000000e+09 -1.280358350999999928e+01
5.479040000000000000e+09 -1.269067023999999932e+01
5.479120000000000000e+09 -1.260643044000000046e+01
5.479200000000000000e+09 -1.246739327000000053e+01
5.479280000000000000e+09 -1.235632067999999961e+01
5.479360000000000000e+09 -1.224430964000000088e+01
5.479440000000000000e+09 -1.213206536999999940e+01
5.479520000000000000e+09 -1.203606028999999999e+01
5.479600000000000000e+09 -1.187787557999999954e+01
5.479680000000000000e+09 -1.178290166000000028e+01
5.479760000000000000e+09 -1.166450314999999982e+01
5.479840000000000000e+09 -1.155548096999999963e+01
5.479920000000000000e+09 -1.143641187999999964e+01
5.480000000000000000e+09 -1.133714488000000031e+01
5.480080000000000000e+09 -1.126021386000000035e+01
5.480160000000000000e+09 -1.114409230000000051e+01
5.480240000000000000e+09 -1.104634307000000071e+01
5.480320000000000000e+09 -1.094553437999999979e+01
5.480400000000000000e+09 -1.087121085000000065e+01
5.480480000000000000e+09 -1.079279840999999962e+01
5.480560000000000000e+09 -1.069715910999999942e+01
5.480640000000000000e+09 -1.062237653000000037e+01
5.480720000000000000e+09 -1.054001011000000076e+01
5.480800000000000000e+09 -1.049111221000000072e+01
5.480880000000000000e+09 -1.041436664999999984e+01
5.480960000000000000e+09 -1.035364945999999975e+01
5.481040000000000000e+09 -1.029481496000000007e+01
5.481120000000000000e+09 -1.023904987999999960e+01
5.481200000000000000e+09 -1.020585975999999917e+01
5.481280000000000000e+09 -1.015552150000000076e+01
5.481360000000000000e+09 -1.007868773000000040e+01
5.481440000000000000e+09 -1.005110452999999993e+01
5.481520000000000000e+09 -1.001605104999999973e+01
5.481600000000000000e+09 -9.988814792999999526e+00
5.481680000000000000e+09 -9.948189138000000042e+00
5.481760000000000000e+09 -9.877460793999999211e+00
5.481840000000000000e+09 -9.844814532999999201e+00
5.481920000000000000e+09 -9.817466058000000828e+00
5.482000000000000000e+09 -9.782305767000000429e+00
5.482080000000000000e+09 -9.773337533999999494e+00
5.482160000000000000e+09 -9.741494188000000776e+00
5.482240000000000000e+09 -9.712356659999999309e+00
5.482320000000000000e+09 -9.676381587999999923e+00
5.482400000000000000e+09 -9.634813031000000194e+00
5.482480000000000000e+09 -9.656356076999999871e+00
5.482560000000000000e+09 -9.635399889000000329e+00
5.482640000000000000e+09 -9.596941975000000014e+00
5.482720000000000000e+09 -9.575482791000000660e+00
5.482800000000000000e+09 -9.568566346000000777e+00
5.482880000000000000e+09 -9.538335276999999834e+00
5.482960000000000000e+09 -9.536379415000000748e+00
5.483040000000000000e+09 -9.512036094999999136e+00
5.483120000000000000e+09 -9.500172803999999971e+00
5.483200000000000000e+09 -9.504128187999999255e+00
5.483280000000000000e+09 -9.481124804000000239e+00
5.483360000000000000e+09 -9.446571708000000456e+00
5.483440000000000000e+09 -9.443673195000000575e+00
5.483520000000000000e+09 -9.431650475999999728e+00
5.483600000000000000e+09 -9.427506085999999286e+00
5.483680000000000000e+09 -9.418858266999999174e+00
5.483760000000000000e+09 -9.385765232000000680e+00
5.483840000000000000e+09 -9.390123877000000618e+00
5.483920000000000000e+09 -9.389881819999999379e+00
5.484000000000000000e+09 -9.387424342999999283e+00
5.484080000000000000e+09 -9.372220263000000884e+00
5.484160000000000000e+09 -9.362670150999999663e+00
5.484240000000000000e+09 -9.355414421000000758e+00
5.484320000000000000e+09 -9.348113781000000344e+00
5.484400000000000000e+09 -9.344328351999999782e+00
5.484480000000000000e+09 -9.331413037000000799e+00
5.484560000000000000e+09 -9.325838242999999750e+00
5.484640000000000000e+09 -9.313485244000000662e+00
5.484720000000000000e+09 -9.328317044000000280e+00
5.484800000000000000e+09 -9.309114053000000055e+00
5.484880000000000000e+09 -9.300838448000000369e+00
5.484960000000000000e+09 -9.325301226000000554e+00
5.485040000000000000e+09 -9.300200065000000293e+00
5.485120000000000000e+09 -9.280926592000000142e+00
5.485200000000000000e+09 -9.284902946000000767e+00
5.485280000000000000e+09 -9.284912391000000653e+00
5.485360000000000000e+09 -9.282177855000000477e+00
5.485440000000000000e+09 -9.279267648999999452e+00
5.485520000000000000e+09 -9.261977744999999373e+00
5.485600000000000000e+09 -9.281754893000000450e+00
5.485680000000000000e+09 -9.269675404999999202e+00
5.485760000000000000e+09 -9.258347131000000729e+00
5.485840000000000000e+09 -9.273215533000000121e+00
5.485920000000000000e+09 -9.261077833999999953e+00
5.486000000000000000e+09 -9.227855017999999632e+00
5.486080000000000000e+09 -9.260882173000000606e+00
5.486160000000000000e+09 -9.251036946999999344e+00
5.486240000000000000e+09 -9.242164127000000562e+00
5.486320000000000000e+09 -9.233253836999999464e+00
5.486400000000000000e+09 -9.249425749000000252e+00
5.486480000000000000e+09 -9.249104883999999416e+00
5.486560000000000000e+09 -9.252194647999999688e+00
5.486640000000000000e+09 -9.229135284999999911e+00
5.486720000000000000e+09 -9.230405598000000822e+00
5.486800000000000000e+09 -9.240372382000000329e+00
5.486880000000000000e+09 -9.241494611000000248e+00
5.486960000000000000e+09 -9.225037318000000042e+00
5.487040000000000000e+09 -9.228999475000000174e+00
5.487120000000000000e+09 -9.239706110000000194e+00
5.487200000000000000e+09 -9.251227665000000044e+00
5.487280000000000000e+09 -9.235012641000000855e+00
5.487360000000000000e+09 -9.221309078000000881e+00
5.487440000000000000e+09 -9.218232602000000497e+00
5.487520000000000000e+09 -9.220802786000000140e+00
5.487600000000000000e+09 -9.223484470000000712e+00
5.487680000000000000e+09 -9.227088009999999230e+00
5.487760000000000000e+09 -9.231778852999999785e+00
5.487840000000000000e+09 -9.225972529999999949e+00
5.487920000000000000e+09 -9.233071507000000011e+00
5.488000000000000000e+09 -9.237095497000000321e+00
5.488080000000000000e+09 -9.220269691000000378e+00
5.488160000000000000e+09 -9.219477621999999428e+00
5.488240000000000000e+09 -9.219795180000000201e+00
5.488320000000000000e+09 -9.221950828000000655e+00
5.488400000000000000e+09 -9.214598856000000282e+00
5.488480000000000000e+09 -9.221392564000000291e+00
5.488560000000000000e+09 -9.215338126000000685e+00
5.488640000000000000e+09 -9.222817686999999154e+00
5.488720000000000000e+09 -9.223345691000000457e+00
5.488800000000000000e+09 -9.243167528000000743e+00
5.488880000000000000e+09 -9.219250619000000313e+00
5.488960000000000000e+09 -9.209838780000000114e+00
5.489040000000000000e+09 -9.225304190999999321e+00
5.489120000000000000e+09 -9.222831979000000402e+00
5.489200000000000000e+09 -9.204563035999999698e+00
5.489280000000000000e+09 -9.206529603999999978e+00
5.489360000000000000e+09 -9.204175913000000264e+00
5.489440000000000000e+09 -9.217350119000000674e+00
5.489520000000000000e+09 -9.225460819000000257e+00
5.489600000000000000e+09 -9.207893987000000280e+00
5.489680000000000000e+09 -9.208814813000000044e+00
5.489760000000000000e+09 -9.210472459000000001e+00
5.489840000000000000e+09 -9.222841277000000559e+00
5.489920000000000000e+09 -9.226929374999999212e+00
5.490000000000000000e+09 -9.217388731999999862e+00
5.490080000000000000e+09 -9.235446421000000683e+00
5.490160000000000000e+09 -9.191802947999999418e+00
5.490240000000000000e+09 -9.217949472000000810e+00
5.490320000000000000e+09 -9.213795537999999397e+00
5.490400000000000000e+09 -9.214300212999999573e+00
5.490480000000000000e+09 -9.223237720000000195e+00
5.490560000000000000e+09 -9.236064657000000011e+00
5.490640000000000000e+09 -9.211394669000000590e+00
5.490720000000000000e+09 -9.216308763000000681e+00
5.490800000000000000e+09 -9.219318964999999366e+00
5.490880000000000000e+09 -9.215633426000000128e+00
5.490960000000000000e+09 -9.225925616999999690e+00
5.491040000000000000e+09 -9.232879589999999581e+00
5.491120000000000000e+09 -9.233338813999999672e+00
5.491200000000000000e+09 -9.228608537999999584e+00
5.491280000000000000e+09 -9.194651171000000289e+00
5.491360000000000000e+09 -9.213656409000000380e+00
5.491440000000000000e+09 -9.224384712000000874e+00
5.491520000000000000e+09 -9.226051024000000211e+00
5.491600000000000000e+09 -9.223372797999999761e+00
5.491680000000000000e+09 -9.220296961000000735e+00
5.491760000000000000e+09 -9.211973195000000558e+00
5.491840000000000000e+09 -9.226716434000000078e+00
5.491920000000000000e+09 -9.230048067000000245e+00
5.492000000000000000e+09 -9.212525347999999781e+00
5.492080000000000000e+09 -9.212349995000000291e+00
5.492160000000000000e+09 -9.251962494000000703e+00
5.492240000000000000e+09 -9.214105104999999796e+00
5.492320000000000000e+09 -9.215318697000000725e+00
5.492400000000000000e+09 -9.225706625999999133e+00
5.492480000000000000e+09 -9.230189391999999771e+00
5.492560000000000000e+09 -9.217369410999999957e+00
5.492640000000000000e+09 -9.241086201999999972e+00
5.492720000000000000e+09 -9.215542154999999624e+00
5.492800000000000000e+09 -9.218666365000000695e+00
5.492880000000000000e+09 -9.208399076999999266e+00
5.492960000000000000e+09 -9.230942144000000127e+00
5.493040000000000000e+09 -9.225859497000000076e+00
5.493120000000000000e+09 -9.229390648000000752e+00
5.493200000000000000e+09 -9.237867710999999815e+00
5.493280000000000000e+09 -9.242639712000000785e+00
5.493360000000000000e+09 -9.225248058000000029e+00
5.493440000000000000e+09 -9.215753763000000376e+00
5.493520000000000000e+09 -9.234586415000000770e+00
5.493600000000000000e+09 -9.232337334000000340e+00
5.493680000000000000e+09 -9.213679988999999182e+00
5.493760000000000000e+09 -9.231565514999999778e+00
5.493840000000000000e+09 -9.225080671000000621e+00
5.493920000000000000e+09 -9.235995197999999462e+00
5.494000000000000000e+09 -9.229652521000000220e+00
5.494080000000000000e+09 -9.228462686000000303e+00
5.494160000000000000e+09 -9.223837242000000103e+00
5.494240000000000000e+09 -9.256650417999999547e+00
5.494320000000000000e+09 -9.235426910999999350e+00
5.494400000000000000e+09 -9.233588745000000486e+00
5.494480000000000000e+09 -9.220373756000000753e+00
5.494560000000000000e+09 -9.231077863999999522e+00
5.494640000000000000e+09 -9.229285056000000154e+00
5.494720000000000000e+09 -9.246035406000000734e+00
5.494800000000000000e+09 -9.232964503999999906e+00
5.494880000000000000e+09 -9.232412117999999168e+00
5.494960000000000000e+09 -9.235492643000000612e+00
5.495040000000000000e+09 -9.248308624999999950e+00
5.495120000000000000e+09 -9.235941821000000829e+00
5.495200000000000000e+09 -9.225802571999999202e+00
5.495280000000000000e+09 -9.238658606999999634e+00
5.495360000000000000e+09 -9.245859665999999422e+00
5.495440000000000000e+09 -9.247203961000000305e+00
5.495520000000000000e+09 -9.235646405000000669e+00
5.495600000000000000e+09 -9.247162727999999277e+00
5.495680000000000000e+09 -9.247346331999999336e+00
5.495760000000000000e+09 -9.254355547999999487e+00
5.495840000000000000e+09 -9.248891506999999734e+00
5.495920000000000000e+09 -9.245830021999999815e+00
5.496000000000000000e+09 -9.250968021000000263e+00
5.496080000000000000e+09 -9.231314534999999211e+00
5.496160000000000000e+09 -9.259117671000000271e+00
5.496240000000000000e+09 -9.250341635999999923e+00
5.496320000000000000e+09 -9.240178420999999531e+00
5.496400000000000000e+09 -9.261282361999999324e+00
5.496480000000000000e+09 -9.261668244000000882e+00
5.496560000000000000e+09 -9.267574470999999647e+00
5.496640000000000000e+09 -9.270751537000000653e+00
5.496720000000000000e+09 -9.274831079000000145e+00
5.496800000000000000e+09 -9.256110763000000574e+00
5.496880000000000000e+09 -9.254764072000000397e+00
5.496960000000000000e+09 -9.269564802999999742e+00
5.497040000000000000e+09 -9.265784248999999306e+00
5.497120000000000000e+09 -9.269733272999999940e+00
5.497200000000000000e+09 -9.277660816999999227e+00
5.497280000000000000e+09 -9.263905510000000731e+00
5.497360000000000000e+09 -9.265484908999999547e+00
5.497440000000000000e+09 -9.271045543999999694e+00
5.497520000000000000e+09 -9.274345963000000026e+00
5.497600000000000000e+09 -9.265647150999999582e+00
5.497680000000000000e+09 -9.259426021999999534e+00
5.497760000000000000e+09 -9.271665229999999980e+00
5.497840000000000000e+09 -9.271760606000000848e+00
5.497920000000000000e+09 -9.270816361999999700e+00
5.498000000000000000e+09 -9.270765129999999132e+00
5.498080000000000000e+09 -9.273018385000000308e+00
5.498160000000000000e+09 -9.265463826999999597e+00
5.498240000000000000e+09 -9.285345324999999761e+00
5.498320000000000000e+09 -9.278637587000000408e+00
5.498400000000000000e+09 -9.288967651000000103e+00
5.498480000000000000e+09 -9.288170357000000266e+00
5.498560000000000000e+09 -9.289326104000000583e+00
5.498640000000000000e+09 -9.275470144999999889e+00
5.498720000000000000e+09 -9.273661897000000209e+00
5.498800000000000000e+09 -9.292412439999999663e+00
5.498880000000000000e+09 -9.293490315999999751e+00
5.498960000000000000e+09 -9.291892651999999586e+00
5.499040000000000000e+09 -9.310313329999999610e+00
5.499120000000000000e+09 -9.284883533000000355e+00
5.499200000000000000e+09 -9.283077066000000599e+00
5.499280000000000000e+09 -9.299671917999999593e+00
5.499360000000000000e+09 -9.290361452999999159e+00
5.499440000000000000e+09 -9.280567410999999822e+00
5.499520000000000000e+09 -9.289142700999999391e+00
5.499600000000000000e+09 -9.298484199000000672e+00
5.499680000000000000e+09 -9.299477449999999479e+00
5.499760000000000000e+09 -9.295497621999999183e+00
5.499840000000000000e+09 -9.288718387999999493e+00
5.499920000000000000e+09 -9.301895260000000221e+00
5.500000000000000000e+09 -9.304886735000000186e+00
5.500080000000000000e+09 -9.299950188000000395e+00
5.500160000000000000e+09 -9.311405471000000489e+00
5.500240000000000000e+09 -9.303295012999999614e+00
5.500320000000000000e+09 -9.297438852000000864e+00
5.500400000000000000e+09 -9.290336628000000374e+00
5.500480000000000000e+09 -9.297701856999999848e+00
5.500560000000000000e+09 -9.311934270000000069e+00
5.500640000000000000e+09 -9.304140135000000811e+00
5.500720000000000000e+09 -9.302423786000000305e+00
5.500800000000000000e+09 -9.292097692000000464e+00
5.500880000000000000e+09 -9.316274803000000659e+00
5.500960000000000000e+09 -9.313948190999999710e+00
5.501040000000000000e+09 -9.315690286000000597e+00
5.501120000000000000e+09 -9.311995402999999172e+00
5.501200000000000000e+09 -9.315825133000000591e+00
5.501280000000000000e+09 -9.328070399999999651e+00
5.501360000000000000e+09 -9.325125395000000594e+00
5.501440000000000000e+09 -9.303914191000000500e+00
5.501520000000000000e+09 -9.325490229999999769e+00
5.501600000000000000e+09 -9.310420083000000346e+00
5.501680000000000000e+09 -9.298585257999999243e+00
5.501760000000000000e+09 -9.327665603999999888e+00
5.501840000000000000e+09 -9.324498267999999257e+00
5.501920000000000000e+09 -9.309552138999999116e+00
5.502000000000000000e+09 -9.324618235999999172e+00
5.502080000000000000e+09 -9.326010977999999341e+00
5.502160000000000000e+09 -9.345163923999999511e+00
5.502240000000000000e+09 -9.326681506999999982e+00
5.502320000000000000e+09 -9.321046107000000802e+00
5.502400000000000000e+09 -9.324830137999999380e+00
5.502480000000000000e+09 -9.346663424999999137e+00
5.502560000000000000e+09 -9.319751338999999746e+00
5.502640000000000000e+09 -9.335689131000000529e+00
5.502720000000000000e+09 -9.338744903000000264e+00
5.502800000000000000e+09 -9.320593432000000789e+00
5.502880000000000000e+09 -9.348210539000000097e+00
5.502960000000000000e+09 -9.343531779999999287e+00
5.503040000000000000e+09 -9.340057080999999428e+00
5.503120000000000000e+09 -9.336850633999999260e+00
5.503200000000000000e+09 -9.336137241999999503e+00
5.503280000000000000e+09 -9.345722321000000221e+00
5.503360000000000000e+09 -9.337102520000000183e+00
5.503440000000000000e+09 -9.345767926000000614e+00
5.503520000000000000e+09 -9.356578657000000021e+00
5.503600000000000000e+09 -9.347825261000000552e+00
5.503680000000000000e+09 -9.348924719999999411e+00
5.503760000000000000e+09 -9.335926582000000806e+00
5.503840000000000000e+09 -9.344812142000000321e+00
5.503920000000000000e+09 -9.357354278000000747e+00
5.504000000000000000e+09 -9.348571128999999758e+00
5.504080000000000000e+09 -9.353478667999999274e+00
5.504160000000000000e+09 -9.361836851999999709e+00
5.504240000000000000e+09 -9.353086536999999367e+00
5.504320000000000000e+09 -9.358822160000000778e+00
5.504400000000000000e+09 -9.353021724999999620e+00
5.504480000000000000e+09 -9.355914393999999135e+00
5.504560000000000000e+09 -9.362427300000000230e+00
5.504640000000000000e+09 -9.378909501000000759e+00
5.504720000000000000e+09 -9.358353452999999433e+00
5.504800000000000000e+09 -9.368691008000000764e+00
5.504880000000000000e+09 -9.371056498999999818e+00
5.504960000000000000e+09 -9.369773488999999955e+00
5.505040000000000000e+09 -9.358420917000000117e+00
5.505120000000000000e+09 -9.376110273000000106e+00
5.505200000000000000e+09 -9.362328911000000531e+00
5.505280000000000000e+09 -9.378191446000000653e+00
5.505360000000000000e+09 -9.363472009000000540e+00
5.505440000000000000e+09 -9.381999127000000271e+00
5.505520000000000000e+09 -9.389828207000000759e+00
5.505600000000000000e+09 -9.364953526000000750e+00
5.505680000000000000e+09 -9.355366574999999685e+00
5.505760000000000000e+09 -9.391739700000000468e+00
5.505840000000000000e+09 -9.373984795000000148e+00
5.505920000000000000e+09 -9.371116554000000320e+00
5.506000000000000000e+09 -9.377876806999999815e+00
5.506080000000000000e+09 -9.383714690999999775e+00
5.506160000000000000e+09 -9.380383643000000049e+00
5.506240000000000000e+09 -9.400683740999999927e+00
5.506320000000000000e+09 -9.382190504000000431e+00
5.506400000000000000e+09 -9.372723659000000040e+00
5.506480000000000000e+09 -9.384424316000000488e+00
5.506560000000000000e+09 -9.382251290999999327e+00
5.506640000000000000e+09 -9.400017832999999712e+00
5.506720000000000000e+09 -9.394506955000000659e+00
5.506800000000000000e+09 -9.394199483999999600e+00
5.506880000000000000e+09 -9.407367511000000349e+00
5.506960000000000000e+09 -9.408837382999999832e+00
5.507040000000000000e+09 -9.393678354000000397e+00
5.507120000000000000e+09 -9.391594258999999667e+00
5.507200000000000000e+09 -9.407883131000000176e+00
5.507280000000000000e+09 -9.386567747999999156e+00
5.507360000000000000e+09 -9.384591136999999250e+00
5.507440000000000000e+09 -9.389043532000000525e+00
5.507520000000000000e+09 -9.400557166000000464e+00
5.507600000000000000e+09 -9.410924237999999775e+00
5.507680000000000000e+09 -9.376961389999999952e+00
5.507760000000000000e+09 -9.397187364000000542e+00
5.507840000000000000e+09 -9.401644888999999949e+00
5.507920000000000000e+09 -9.403753610000000762e+00
5.508000000000000000e+09 -9.413089282999999696e+00
5.508080000000000000e+09 -9.408965262000000607e+00
5.508160000000000000e+09 -9.400947328000000880e+00
5.508240000000000000e+09 -9.412425653999999753e+00
5.508320000000000000e+09 -9.414746520999999646e+00
5.508400000000000000e+09 -9.405372225000000697e+00
5.508480000000000000e+09 -9.399188682000000128e+00
5.508560000000000000e+09 -9.425898692000000523e+00
5.508640000000000000e+09 -9.413027969999999911e+00
5.508720000000000000e+09 -9.402282531000000887e+00
5.508800000000000000e+09 -9.430691167000000874e+00
5.508880000000000000e+09 -9.410677123999999338e+00
5.508960000000000000e+09 -9.404886408999999503e+00
5.509040000000000000e+09 -9.411829937000000257e+00
5.509120000000000000e+09 -9.416687874999999153e+00
5.509200000000000000e+09 -9.418668522999999126e+00
5.509280000000000000e+09 -9.405743897000000686e+00
5.509360000000000000e+09 -9.422215696000000307e+00
5.509440000000000000e+09 -9.406224796000000055e+00
5.509520000000000000e+09 -9.408582029999999818e+00
5.509600000000000000e+09 -9.415631203000000227e+00
5.509680000000000000e+09 -9.411607982999999678e+00
5.509760000000000000e+09 -9.421642367000000462e+00
5.509840000000000000e+09 -9.420993840999999591e+00
5.509920000000000000e+09 -9.405714521000000161e+00
5.510000000000000000e+09 -9.434630942000000076e+00
5.510080000000000000e+09 -9.431387127000000703e+00
5.510160000000000000e+09 -9.426691522000000489e+00
5.510240000000000000e+09 -9.425959844999999504e+00
5.510320000000000000e+09 -9.422486029999999957e+00
5.510400000000000000e+09 -9.418804467999999375e+00
5.510480000000000000e+09 -9.427935184000000746e+00
5.510560000000000000e+09 -9.435272530000000657e+00
5.510640000000000000e+09 -9.444612434999999806e+00
5.510720000000000000e+09 -9.413207558999999947e+00
5.510800000000000000e+09 -9.419894962000000760e+00
5.510880000000000000e+09 -9.414703594000000564e+00
5.510960000000000000e+09 -9.424813818000000509e+00
5.511040000000000000e+09 -9.430110252000000415e+00
5.511120000000000000e+09 -9.422948680999999382e+00
5.511200000000000000e+09 -9.429049670999999577e+00
5.511280000000000000e+09 -9.419522683000000285e+00
5.511360000000000000e+09 -9.433787570999999872e+00
5.511440000000000000e+09 -9.421056392000000557e+00
5.511520000000000000e+09 -9.419129851999999303e+00
5.511600000000000000e+09 -9.437700653000000273e+00
5.511680000000000000e+09 -9.427859792999999655e+00
5.511760000000000000e+09 -9.435402980999999301e+00
5.511840000000000000e+09 -9.425036698999999629e+00
5.511920000000000000e+09 -9.426358683000000127e+00
5.512000000000000000e+09 -9.434287958000000529e+00
5.512080000000000000e+09 -9.455021181999999413e+00
5.512160000000000000e+09 -9.429345189999999377e+00
5.512240000000000000e+09 -9.421455554999999649e+00
5.512320000000000000e+09 -9.436447082999999125e+00
5.512400000000000000e+09 -9.424609871999999555e+00
5.512480000000000000e+09 -9.435538774999999490e+00
5.512560000000000000e+09 -9.434214894000000129e+00
5.512640000000000000e+09 -9.419929185000000871e+00
5.512720000000000000e+09 -9.430005062999999410e+00
5.512800000000000000e+09 -9.425353159000000147e+00
5.512880000000000000e+09 -9.437356790000000828e+00
5.512960000000000000e+09 -9.437430954999999955e+00
5.513040000000000000e+09 -9.435206347999999466e+00
5.513120000000000000e+09 -9.433371181000000050e+00
5.513200000000000000e+09 -9.446245089999999678e+00
5.513280000000000000e+09 -9.437463384000000843e+00
5.513360000000000000e+09 -9.432766103000000513e+00
5.513440000000000000e+09 -9.428379491999999473e+00
5.513520000000000000e+09 -9.423186561999999711e+00
5.513600000000000000e+09 -9.439373168999999564e+00
5.513680000000000000e+09 -9.423981883999999809e+00
5.513760000000000000e+09 -9.435539280000000417e+00
5.513840000000000000e+09 -9.443953493000000421e+00
5.513920000000000000e+09 -9.434157050999999683e+00
5.514000000000000000e+09 -9.436219165000000686e+00
5.514080000000000000e+09 -9.458247835999999964e+00
5.514160000000000000e+09 -9.419314105999999853e+00
5.514240000000000000e+09 -9.433078990000000275e+00
5.514320000000000000e+09 -9.440459677999999855e+00
5.514400000000000000e+09 -9.450774470000000704e+00
5.514480000000000000e+09 -9.442095670000000496e+00
5.514560000000000000e+09 -9.448337162999999705e+00
5.514640000000000000e+09 -9.426922241999999841e+00
5.514720000000000000e+09 -9.425138584999999125e+00
5.514800000000000000e+09 -9.445940167999999915e+00
5.514880000000000000e+09 -9.439626319000000265e+00
5.514960000000000000e+09 -9.438556595999999743e+00
5.515040000000000000e+09 -9.443042110000000378e+00
5.515120000000000000e+09 -9.432036009999999138e+00
5.515200000000000000e+09 -9.437587968000000771e+00
5.515280000000000000e+09 -9.441188987000000310e+00
5.515360000000000000e+09 -9.434018051000000682e+00
5.515440000000000000e+09 -9.431978520999999560e+00
5.515520000000000000e+09 -9.428220553999999254e+00
5.515600000000000000e+09 -9.445357939000000869e+00
5.515680000000000000e+09 -9.429857651000000729e+00
5.515760000000000000e+09 -9.444781793000000647e+00
5.515840000000000000e+09 -9.430455477000000641e+00
5.515920000000000000e+09 -9.423158473999999174e+00
5.516000000000000000e+09 -9.420474811000000059e+00
5.516080000000000000e+09 -9.436533649999999440e+00
5.516160000000000000e+09 -9.448680820999999952e+00
5.516240000000000000e+09 -9.444015395999999285e+00
5.516320000000000000e+09 -9.426138551999999393e+00
5.516400000000000000e+09 -9.435993875999999503e+00
5.516480000000000000e+09 -9.428216904999999315e+00
5.516560000000000000e+09 -9.431909362000000741e+00
5.516640000000000000e+09 -9.429150737000000504e+00
5.516720000000000000e+09 -9.419094041999999334e+00
5.516800000000000000e+09 -9.432802687000000574e+00
5.516880000000000000e+09 -9.420317932999999755e+00
5.516960000000000000e+09 -9.426356244999999134e+00
5.517040000000000000e+09 -9.439418778000000287e+00
5.517120000000000000e+09 -9.432710947000000345e+00
5.517200000000000000e+09 -9.431450184999999209e+00
5.517280000000000000e+09 -9.431447600000000264e+00
5.517360000000000000e+09 -9.449042324000000548e+00
5.517440000000000000e+09 -9.433984518999999125e+00
5.517520000000000000e+09 -9.428079384000000118e+00
5.517600000000000000e+09 -9.411713045000000832e+00
5.517680000000000000e+09 -9.419919459999999134e+00
5.517760000000000000e+09 -9.428119510000000147e+00
5.517840000000000000e+09 -9.415501604999999330e+00
5.517920000000000000e+09 -9.437027867999999486e+00
5.518000000000000000e+09 -9.433714254999999937e+00
5.518080000000000000e+09 -9.432912080999999560e+00
5.518160000000000000e+09 -9.440462733000000384e+00
5.518240000000000000e+09 -9.430877058000000090e+00
5.518320000000000000e+09 -9.427507277000000130e+00
5.518400000000000000e+09 -9.441643705000000608e+00
5.518480000000000000e+09 -9.418452673000000885e+00
5.518560000000000000e+09 -9.418241164999999526e+00
5.518640000000000000e+09 -9.421727082000000308e+00
5.518720000000000000e+09 -9.426407129999999412e+00
5.518800000000000000e+09 -9.420921293999999335e+00
5.518880000000000000e+09 -9.434022380000000041e+00
5.518960000000000000e+09 -9.427628157999999203e+00
5.519040000000000000e+09 -9.404171446999999517e+00
5.519120000000000000e+09 -9.420298680000000147e+00
5.519200000000000000e+09 -9.420427100999999581e+00
5.519280000000000000e+09 -9.426825926999999439e+00
5.519360000000000000e+09 -9.431332640999999128e+00
5.519440000000000000e+09 -9.431242225000000090e+00
5.519520000000000000e+09 -9.431426975000000823e+00
5.519600000000000000e+09 -9.423347480000000331e+00
5.519680000000000000e+09 -9.411783698000000697e+00
5.519760000000000000e+09 -9.415352513000000201e+00
5.519840000000000000e+09 -9.422277261999999709e+00
5.519920000000000000e+09 -9.426824471999999844e+00
5.520000000000000000e+09 -9.429486523999999648e+00
