5.440000000000000000e+09 -9.121792301999999353e+00
5.440080000000000000e+09 -9.123717286999999843e+00
5.440160000000000000e+09 -9.122716209000000021e+00
5.440240000000000000e+09 -9.121428120999999223e+00
5.440320000000000000e+09 -9.117798699999999812e+00
5.440400000000000000e+09 -9.128291697999999954e+00
5.440480000000000000e+09 -9.125868016000000082e+00
5.440560000000000000e+09 -9.125544216999999847e+00
5.440640000000000000e+09 -9.126660135999999923e+00
5.440720000000000000e+09 -9.121020675000000466e+00
5.440800000000000000e+09 -9.124537975000000856e+00
5.440880000000000000e+09 -9.124247030999999453e+00
5.440960000000000000e+09 -9.128752358999999927e+00
5.441040000000000000e+09 -9.131679634999999351e+00
5.441120000000000000e+09 -9.127120590000000533e+00
5.441200000000000000e+09 -9.127092639000000673e+00
5.441280000000000000e+09 -9.141433792999999142e+00
5.441360000000000000e+09 -9.143260563000000118e+00
5.441440000000000000e+09 -9.141311435000000429e+00
5.441520000000000000e+09 -9.136256423000000737e+00
5.441600000000000000e+09 -9.132276229000000356e+00
5.441680000000000000e+09 -9.126375966999999534e+00
5.441760000000000000e+09 -9.131524907999999385e+00
5.441840000000000000e+09 -9.124864001000000613e+00
5.441920000000000000e+09 -9.132788332000000509e+00
5.442000000000000000e+09 -9.128063518999999459e+00
5.442080000000000000e+09 -9.128621493000000697e+00
5.442160000000000000e+09 -9.120649835000000039e+00
5.442240000000000000e+09 -9.126246962999999823e+00
5.442320000000000000e+09 -9.128999505999999542e+00
5.442400000000000000e+09 -9.121601854999999759e+00
5.442480000000000000e+09 -9.123641797999999525e+00
5.442560000000000000e+09 -9.125682848000000291e+00
5.442640000000000000e+09 -9.127642217000000002e+00
5.442720000000000000e+09 -9.129100736999999910e+00
5.442800000000000000e+09 -9.125657092999999165e+00
5.442880000000000000e+09 -9.126678014999999533e+00
5.442960000000000000e+09 -9.121628203000000212e+00
5.443040000000000000e+09 -9.127544803999999345e+00
5.443120000000000000e+09 -9.125211432000000400e+00
5.443200000000000000e+09 -9.127041268999999346e+00
5.443280000000000000e+09 -9.125716737999999495e+00
5.443360000000000000e+09 -9.127384795999999412e+00
5.443440000000000000e+09 -9.124773536999999379e+00
5.443520000000000000e+09 -9.124670176000000410e+00
5.443600000000000000e+09 -9.124600979000000223e+00
5.443680000000000000e+09 -9.130100653999999594e+00
5.443760000000000000e+09 -9.133166342000000881e+00
5.443840000000000000e+09 -9.133201858999999700e+00
5.443920000000000000e+09 -9.129984308999999243e+00
5.444000000000000000e+09 -9.130575005000000743e+00
5.444080000000000000e+09 -9.133103451000000206e+00
5.444160000000000000e+09 -9.132847399999999283e+00
5.444240000000000000e+09 -9.136053900000000283e+00
5.444320000000000000e+09 -9.133972410000000153e+00
5.444400000000000000e+09 -9.127205253999999712e+00
5.444480000000000000e+09 -9.128263367000000628e+00
5.444560000000000000e+09 -9.132374389000000647e+00
5.444640000000000000e+09 -9.130868916000000723e+00
5.444720000000000000e+09 -9.136532496999999253e+00
5.444800000000000000e+09 -9.133608431000000749e+00
5.444880000000000000e+09 -9.138243180999999993e+00
5.444960000000000000e+09 -9.140800927000000797e+00
5.445040000000000000e+09 -9.137927498999999898e+00
5.445120000000000000e+09 -9.135885894999999479e+00
5.445200000000000000e+09 -9.134380453000000344e+00
5.445280000000000000e+09 -9.136667405000000741e+00
5.445360000000000000e+09 -9.141561118000000263e+00
5.445440000000000000e+09 -9.142766462999999177e+00
5.445520000000000000e+09 -9.136213613000000677e+00
5.445600000000000000e+09 -9.141548952000000838e+00
5.445680000000000000e+09 -9.144440575000000848e+00
5.445760000000000000e+09 -9.144884198999999825e+00
5.445840000000000000e+09 -9.142440136999999467e+00
5.445920000000000000e+09 -9.147343472999999392e+00
5.446000000000000000e+09 -9.145132360999999932e+00
5.446080000000000000e+09 -9.147792231000000385e+00
5.446160000000000000e+09 -9.149360809999999233e+00
5.446240000000000000e+09 -9.144869671000000366e+00
5.446320000000000000e+09 -9.153333960999999519e+00
5.446400000000000000e+09 -9.149247104000000519e+00
5.446480000000000000e+09 -9.144696882999999943e+00
5.446560000000000000e+09 -9.155711495000000255e+00
5.446640000000000000e+09 -9.151917967999999348e+00
5.446720000000000000e+09 -9.154212131999999613e+00
5.446800000000000000e+09 -9.154957183000000498e+00
5.446880000000000000e+09 -9.159609161000000555e+00
5.446960000000000000e+09 -9.156551155000000719e+00
5.447040000000000000e+09 -9.155864944999999366e+00
5.447120000000000000e+09 -9.161335347999999712e+00
5.447200000000000000e+09 -9.158892571999999177e+00
5.447280000000000000e+09 -9.157477325000000334e+00
5.447360000000000000e+09 -9.157510301000000297e+00
5.447440000000000000e+09 -9.162242680000000306e+00
5.447520000000000000e+09 -9.161480888999999905e+00
5.447600000000000000e+09 -9.162892629999999983e+00
5.447680000000000000e+09 -9.162693028999999711e+00
5.447760000000000000e+09 -9.165447553999999997e+00
5.447840000000000000e+09 -9.165502375999999174e+00
5.447920000000000000e+09 -9.162641404000000378e+00
5.448000000000000000e+09 -9.169511379999999434e+00
5.448080000000000000e+09 -9.167045475000000110e+00
5.448160000000000000e+09 -9.169855716000000712e+00
5.448240000000000000e+09 -9.168364504999999554e+00
5.448320000000000000e+09 -9.172519022999999549e+00
5.448400000000000000e+09 -9.170907838999999839e+00
5.448480000000000000e+09 -9.176818192000000707e+00
5.448560000000000000e+09 -9.170107379999999253e+00
5.448640000000000000e+09 -9.177913946000000323e+00
5.448720000000000000e+09 -9.172807206999999963e+00
5.448800000000000000e+09 -9.181030851999999243e+00
5.448880000000000000e+09 -9.180211592999999226e+00
5.448960000000000000e+09 -9.180342620999999426e+00
5.449040000000000000e+09 -9.187021784000000579e+00
5.449120000000000000e+09 -9.181944313000000690e+00
5.449200000000000000e+09 -9.183903071999999668e+00
5.449280000000000000e+09 -9.185523861000000068e+00
5.449360000000000000e+09 -9.178692022999999978e+00
5.449440000000000000e+09 -9.187118539000000084e+00
5.449520000000000000e+09 -9.184966923999999366e+00
5.449600000000000000e+09 -9.191808919999999716e+00
5.449680000000000000e+09 -9.191166136999999736e+00
5.449760000000000000e+09 -9.188397423999999702e+00
5.449840000000000000e+09 -9.189139300000000787e+00
5.449920000000000000e+09 -9.195022299999999760e+00
5.450000000000000000e+09 -9.190581269000000830e+00
5.450080000000000000e+09 -9.196177587999999403e+00
5.450160000000000000e+09 -9.198401657999999870e+00
5.450240000000000000e+09 -9.201076391000000854e+00
5.450320000000000000e+09 -9.200310583000000264e+00
5.450400000000000000e+09 -9.198529819999999191e+00
5.450480000000000000e+09 -9.195659450000000845e+00
5.450560000000000000e+09 -9.201500706999999224e+00
5.450640000000000000e+09 -9.203394147999999220e+00
5.450720000000000000e+09 -9.202523191999999241e+00
5.450800000000000000e+09 -9.209471029999999558e+00
5.450880000000000000e+09 -9.208012338999999713e+00
5.450960000000000000e+09 -9.209989867999999191e+00
5.451040000000000000e+09 -9.209155209000000397e+00
5.451120000000000000e+09 -9.206975941999999691e+00
5.451200000000000000e+09 -9.217187991999999497e+00
5.451280000000000000e+09 -9.218835650999999132e+00
5.451360000000000000e+09 -9.220585029000000432e+00
5.451440000000000000e+09 -9.222413438000000241e+00
5.451520000000000000e+09 -9.219235731999999572e+00
5.451600000000000000e+09 -9.221550675999999669e+00
5.451680000000000000e+09 -9.222074822999999810e+00
5.451760000000000000e+09 -9.220483398000000719e+00
5.451840000000000000e+09 -9.223652570000000495e+00
5.451920000000000000e+09 -9.223495084999999705e+00
5.452000000000000000e+09 -9.229574192999999482e+00
5.452080000000000000e+09 -9.224308091999999348e+00
5.452160000000000000e+09 -9.221706393999999918e+00
5.452240000000000000e+09 -9.228375249000000835e+00
5.452320000000000000e+09 -9.235003718999999833e+00
5.452400000000000000e+09 -9.231365177000000699e+00
5.452480000000000000e+09 -9.234019862000000245e+00
5.452560000000000000e+09 -9.233030677000000352e+00
5.452640000000000000e+09 -9.240754351999999727e+00
5.452720000000000000e+09 -9.240261691000000610e+00
5.452800000000000000e+09 -9.240345481000000305e+00
5.452880000000000000e+09 -9.244655934000000741e+00
5.452960000000000000e+09 -9.236445044999999965e+00
5.453040000000000000e+09 -9.242878604999999581e+00
5.453120000000000000e+09 -9.241238372999999839e+00
5.453200000000000000e+09 -9.250018553000000310e+00
5.453280000000000000e+09 -9.247235141000000880e+00
5.453360000000000000e+09 -9.250327815000000342e+00
5.453440000000000000e+09 -9.257166921999999687e+00
5.453520000000000000e+09 -9.254539567000000133e+00
5.453600000000000000e+09 -9.257028193000000016e+00
5.453680000000000000e+09 -9.254083314000000726e+00
5.453760000000000000e+09 -9.254545137999999227e+00
5.453840000000000000e+09 -9.260113389000000694e+00
5.453920000000000000e+09 -9.257630665000000647e+00
5.454000000000000000e+09 -9.265639803999999202e+00
5.454080000000000000e+09 -9.269942233000000087e+00
5.454160000000000000e+09 -9.262639959999999562e+00
5.454240000000000000e+09 -9.265802050999999651e+00
5.454320000000000000e+09 -9.264753435999999454e+00
5.454400000000000000e+09 -9.264188662000000463e+00
5.454480000000000000e+09 -9.268735403999999178e+00
5.454560000000000000e+09 -9.269368979999999425e+00
5.454640000000000000e+09 -9.274063050000000530e+00
5.454720000000000000e+09 -9.273256659999999485e+00
5.454800000000000000e+09 -9.273957359000000622e+00
5.454880000000000000e+09 -9.282164091000000283e+00
5.454960000000000000e+09 -9.284047685000000882e+00
5.455040000000000000e+09 -9.281181975000000861e+00
5.455120000000000000e+09 -9.280650107999999676e+00
5.455200000000000000e+09 -9.287348757000000177e+00
5.455280000000000000e+09 -9.285785391999999305e+00
5.455360000000000000e+09 -9.286370958999999203e+00
5.455440000000000000e+09 -9.291550143000000261e+00
5.455520000000000000e+09 -9.282772065999999711e+00
5.455600000000000000e+09 -9.296458091999999951e+00
5.455680000000000000e+09 -9.288569235000000646e+00
5.455760000000000000e+09 -9.293501799999999591e+00
5.455840000000000000e+09 -9.295889036000000161e+00
5.455920000000000000e+09 -9.297160721999999211e+00
5.456000000000000000e+09 -9.305092374999999194e+00
5.456080000000000000e+09 -9.298746725999999185e+00
5.456160000000000000e+09 -9.303321972000000883e+00
5.456240000000000000e+09 -9.304213173000000836e+00
5.456320000000000000e+09 -9.307363624000000613e+00
5.456400000000000000e+09 -9.310736784999999571e+00
5.456480000000000000e+09 -9.307758060999999472e+00
5.456560000000000000e+09 -9.309096824999999242e+00
5.456640000000000000e+09 -9.320890514000000238e+00
5.456720000000000000e+09 -9.314524990000000670e+00
5.456800000000000000e+09 -9.320507608999999860e+00
5.456880000000000000e+09 -9.322030982999999438e+00
5.456960000000000000e+09 -9.324601440000000352e+00
5.457040000000000000e+09 -9.325873307000000167e+00
5.457120000000000000e+09 -9.323052794000000532e+00
5.457200000000000000e+09 -9.323669433999999256e+00
5.457280000000000000e+09 -9.331687947000000705e+00
5.457360000000000000e+09 -9.331112732999999437e+00
5.457440000000000000e+09 -9.326809117999999899e+00
5.457520000000000000e+09 -9.328235890000000197e+00
5.457600000000000000e+09 -9.334790692000000334e+00
5.457680000000000000e+09 -9.338699315999999584e+00
5.457760000000000000e+09 -9.338464241000000499e+00
5.457840000000000000e+09 -9.334398378999999579e+00
5.457920000000000000e+09 -9.340651688999999536e+00
5.458000000000000000e+09 -9.341049889000000661e+00
5.458080000000000000e+09 -9.347636068999999992e+00
5.458160000000000000e+09 -9.345772478000000660e+00
5.458240000000000000e+09 -9.353779450999999412e+00
5.458320000000000000e+09 -9.353514008999999518e+00
5.458400000000000000e+09 -9.356344391000000371e+00
5.458480000000000000e+09 -9.350085811999999663e+00
5.458560000000000000e+09 -9.362357798999999758e+00
5.458640000000000000e+09 -9.356038712000000146e+00
5.458720000000000000e+09 -9.364236878999999902e+00
5.458800000000000000e+09 -9.362802282000000531e+00
5.458880000000000000e+09 -9.367471207999999550e+00
5.458960000000000000e+09 -9.362971017999999646e+00
5.459040000000000000e+09 -9.371431526000000289e+00
5.459120000000000000e+09 -9.372937985000000083e+00
5.459200000000000000e+09 -9.377369010000000671e+00
5.459280000000000000e+09 -9.372206757000000721e+00
5.459360000000000000e+09 -9.376818019999999976e+00
5.459440000000000000e+09 -9.378723070999999578e+00
5.459520000000000000e+09 -9.384840779999999327e+00
5.459600000000000000e+09 -9.385181162000000299e+00
5.459680000000000000e+09 -9.386388271999999589e+00
5.459760000000000000e+09 -9.384573379000000770e+00
5.459840000000000000e+09 -9.390499211999999929e+00
5.459920000000000000e+09 -9.390754039999999137e+00
5.460000000000000000e+09 -9.388191166000000365e+00
5.460080000000000000e+09 -9.399663384000000121e+00
5.460160000000000000e+09 -9.400512360000000456e+00
5.460240000000000000e+09 -9.394180526999999614e+00
5.460320000000000000e+09 -9.401971898999999411e+00
5.460400000000000000e+09 -9.405093159999999841e+00
5.460480000000000000e+09 -9.403111439999999988e+00
5.460560000000000000e+09 -9.404767445999999254e+00
5.460640000000000000e+09 -9.412217267000000831e+00
5.460720000000000000e+09 -9.414703027999999918e+00
5.460800000000000000e+09 -9.417409292000000320e+00
5.460880000000000000e+09 -9.411977749000000060e+00
5.460960000000000000e+09 -9.413242393000000874e+00
5.461040000000000000e+09 -9.426731081999999873e+00
5.461120000000000000e+09 -9.425091056999999495e+00
5.461200000000000000e+09 -9.430369472000000641e+00
5.461280000000000000e+09 -9.424464872999999798e+00
5.461360000000000000e+09 -9.437400739999999288e+00
5.461440000000000000e+09 -9.437856608000000591e+00
5.461520000000000000e+09 -9.429182654999999968e+00
5.461600000000000000e+09 -9.438940962000000212e+00
5.461680000000000000e+09 -9.437396718000000462e+00
5.461760000000000000e+09 -9.441044222000000374e+00
5.461840000000000000e+09 -9.446943107999999256e+00
5.461920000000000000e+09 -9.445722232999999690e+00
5.462000000000000000e+09 -9.446288965999999121e+00
5.462080000000000000e+09 -9.454641443999999950e+00
5.462160000000000000e+09 -9.457585486999999347e+00
5.462240000000000000e+09 -9.457446301999999250e+00
5.462320000000000000e+09 -9.461561044999999837e+00
5.462400000000000000e+09 -9.466608764000000065e+00
5.462480000000000000e+09 -9.461035544999999658e+00
5.462560000000000000e+09 -9.469111372000000415e+00
5.462640000000000000e+09 -9.475117551000000304e+00
5.462720000000000000e+09 -9.476107392999999490e+00
5.462800000000000000e+09 -9.473874462999999579e+00
5.462880000000000000e+09 -9.475720651999999689e+00
5.462960000000000000e+09 -9.486038520999999335e+00
5.463040000000000000e+09 -9.481525265000000147e+00
5.463120000000000000e+09 -9.482803456999999270e+00
5.463200000000000000e+09 -9.488933359000000678e+00
5.463280000000000000e+09 -9.485709348000000318e+00
5.463360000000000000e+09 -9.498055080000000316e+00
5.463440000000000000e+09 -9.492894597999999462e+00
5.463520000000000000e+09 -9.499099981000000525e+00
5.463600000000000000e+09 -9.506671407000000684e+00
5.463680000000000000e+09 -9.504135943999999725e+00
5.463760000000000000e+09 -9.512070188999999232e+00
5.463840000000000000e+09 -9.509917073000000443e+00
5.463920000000000000e+09 -9.520206695000000607e+00
5.464000000000000000e+09 -9.515951966999999456e+00
5.464080000000000000e+09 -9.515422149000000829e+00
5.464160000000000000e+09 -9.523309966999999432e+00
5.464240000000000000e+09 -9.523688350000000469e+00
5.464320000000000000e+09 -9.524118521000000115e+00
5.464400000000000000e+09 -9.533149296999999578e+00
5.464480000000000000e+09 -9.534938137999999341e+00
5.464560000000000000e+09 -9.539756743999999955e+00
5.464640000000000000e+09 -9.541450192999999302e+00
5.464720000000000000e+09 -9.546978803000000013e+00
5.464800000000000000e+09 -9.551408342000000218e+00
5.464880000000000000e+09 -9.550039920999999765e+00
5.464960000000000000e+09 -9.556718537000000069e+00
5.465040000000000000e+09 -9.558135056999999435e+00
5.465120000000000000e+09 -9.566484887999999742e+00
5.465200000000000000e+09 -9.570449654000000805e+00
5.465280000000000000e+09 -9.566196990999999983e+00
5.465360000000000000e+09 -9.574044906999999327e+00
5.465440000000000000e+09 -9.578480924999999147e+00
5.465520000000000000e+09 -9.578190024999999608e+00
5.465600000000000000e+09 -9.587818037999999987e+00
5.465680000000000000e+09 -9.582384109999999566e+00
5.465760000000000000e+09 -9.588815632999999394e+00
5.465840000000000000e+09 -9.593263325000000563e+00
5.465920000000000000e+09 -9.594254170999999332e+00
5.466000000000000000e+09 -9.607168163000000760e+00
5.466080000000000000e+09 -9.603822575000000583e+00
5.466160000000000000e+09 -9.607056632000000818e+00
5.466240000000000000e+09 -9.614458334000000050e+00
5.466320000000000000e+09 -9.612325570999999513e+00
5.466400000000000000e+09 -9.615956962000000274e+00
5.466480000000000000e+09 -9.625902212999999819e+00
5.466560000000000000e+09 -9.624379637000000542e+00
5.466640000000000000e+09 -9.629932334999999455e+00
5.466720000000000000e+09 -9.638875396999999623e+00
5.466800000000000000e+09 -9.639973236999999529e+00
5.466880000000000000e+09 -9.647270285999999473e+00
5.466960000000000000e+09 -9.646915638999999487e+00
5.467040000000000000e+09 -9.650369810999999132e+00
5.467120000000000000e+09 -9.661897707999999696e+00
5.467200000000000000e+09 -9.660637853000000774e+00
5.467280000000000000e+09 -9.667858686000000645e+00
5.467360000000000000e+09 -9.670678559000000618e+00
5.467440000000000000e+09 -9.675237264999999809e+00
5.467520000000000000e+09 -9.681521491999999895e+00
5.467600000000000000e+09 -9.689204139999999299e+00
5.467680000000000000e+09 -9.686636510999999672e+00
5.467760000000000000e+09 -9.695996143000000345e+00
5.467840000000000000e+09 -9.699987493000000072e+00
5.467920000000000000e+09 -9.705560751000000153e+00
5.468000000000000000e+09 -9.707541067999999385e+00
5.468080000000000000e+09 -9.719097052000000403e+00
5.468160000000000000e+09 -9.718938374000000380e+00
5.468240000000000000e+09 -9.718988455999999942e+00
5.468320000000000000e+09 -9.732093807000000041e+00
5.468400000000000000e+09 -9.731954045000000164e+00
5.468480000000000000e+09 -9.738847319999999641e+00
5.468560000000000000e+09 -9.748358002999999883e+00
5.468640000000000000e+09 -9.752724813000000381e+00
5.468720000000000000e+09 -9.761017523999999668e+00
5.468800000000000000e+09 -9.764387670999999713e+00
5.468880000000000000e+09 -9.768918469999999132e+00
5.468960000000000000e+09 -9.779482470999999677e+00
5.469040000000000000e+09 -9.782195534999999609e+00
5.469120000000000000e+09 -9.794634900000000144e+00
5.469200000000000000e+09 -9.796098812000000322e+00
5.469280000000000000e+09 -9.807772894999999380e+00
5.469360000000000000e+09 -9.807585531000000856e+00
5.469440000000000000e+09 -9.817627217000000073e+00
5.469520000000000000e+09 -9.828683378999999221e+00
5.469600000000000000e+09 -9.830558678999999245e+00
5.469680000000000000e+09 -9.835720620000000025e+00
5.469760000000000000e+09 -9.849371151999999796e+00
5.469840000000000000e+09 -9.856120740999999796e+00
5.469920000000000000e+09 -9.859599484000000302e+00
5.470000000000000000e+09 -9.869685130000000584e+00
5.470080000000000000e+09 -9.877525465999999810e+00
5.470160000000000000e+09 -9.873991982999999806e+00
5.470240000000000000e+09 -9.893553628999999461e+00
5.470320000000000000e+09 -9.898429345000000268e+00
5.470400000000000000e+09 -9.909878525999999965e+00
5.470480000000000000e+09 -9.921303939999999599e+00
5.470560000000000000e+09 -9.928957023000000603e+00
5.470640000000000000e+09 -9.935648884000000791e+00
5.470720000000000000e+09 -9.947862477999999342e+00
5.470800000000000000e+09 -9.956992360999999292e+00
5.470880000000000000e+09 -9.962906117999999367e+00
5.470960000000000000e+09 -9.974971355999999290e+00
5.471040000000000000e+09 -9.985792466999999561e+00
5.471120000000000000e+09 -1.000381853000000021e+01
5.471200000000000000e+09 -1.000373532000000054e+01
5.471280000000000000e+09 -1.001531194999999919e+01
5.471360000000000000e+09 -1.003408763000000015e+01
5.471440000000000000e+09 -1.003839194999999940e+01
5.471520000000000000e+09 -1.004618662000000029e+01
5.471600000000000000e+09 -1.006475292999999915e+01
5.471680000000000000e+09 -1.007121573000000048e+01
5.471760000000000000e+09 -1.009019164999999951e+01
5.471840000000000000e+09 -1.010122883000000016e+01
5.471920000000000000e+09 -1.011424796999999920e+01
5.472000000000000000e+09 -1.012777258000000025e+01
5.472080000000000000e+09 -1.014079487000000057e+01
5.472160000000000000e+09 -1.015130435999999925e+01
5.472240000000000000e+09 -1.017172096000000003e+01
5.472320000000000000e+09 -1.018195197000000007e+01
5.472400000000000000e+09 -1.019744397000000014e+01
5.472480000000000000e+09 -1.021292021000000005e+01
5.472560000000000000e+09 -1.022650752000000018e+01
5.472640000000000000e+09 -1.024866339999999987e+01
5.472720000000000000e+09 -1.026507297000000030e+01
5.472800000000000000e+09 -1.028101610000000043e+01
5.472880000000000000e+09 -1.029361266000000086e+01
5.472960000000000000e+09 -1.031230951999999945e+01
5.473040000000000000e+09 -1.033419892000000040e+01
5.473120000000000000e+09 -1.035689735999999961e+01
5.473200000000000000e+09 -1.037729739000000073e+01
5.473280000000000000e+09 -1.039301582000000046e+01
5.473360000000000000e+09 -1.041520953000000027e+01
5.473440000000000000e+09 -1.043328473999999950e+01
5.473520000000000000e+09 -1.045507306000000014e+01
5.473600000000000000e+09 -1.048547753000000071e+01
5.473680000000000000e+09 -1.050964983000000075e+01
5.473760000000000000e+09 -1.052946964999999935e+01
5.473840000000000000e+09 -1.055471838999999967e+01
5.473920000000000000e+09 -1.057871714000000019e+01
5.474000000000000000e+09 -1.060717565000000029e+01
5.474080000000000000e+09 -1.064100563000000044e+01
5.474160000000000000e+09 -1.066935396000000047e+01
5.474240000000000000e+09 -1.069882692000000013e+01
5.474320000000000000e+09 -1.072993813000000074e+01
5.474400000000000000e+09 -1.075545082000000008e+01
5.474480000000000000e+09 -1.079040907999999988e+01
5.474560000000000000e+09 -1.083085902999999917e+01
5.474640000000000000e+09 -1.086193897000000064e+01
5.474720000000000000e+09 -1.089843029999999935e+01
5.474800000000000000e+09 -1.092929576999999952e+01
5.474880000000000000e+09 -1.097860705000000081e+01
5.474960000000000000e+09 -1.101973416000000050e+01
5.475040000000000000e+09 -1.105896878999999977e+01
5.475120000000000000e+09 -1.110554504999999992e+01
5.475200000000000000e+09 -1.114699479000000082e+01
5.475280000000000000e+09 -1.118966029000000084e+01
5.475360000000000000e+09 -1.124187623999999985e+01
5.475440000000000000e+09 -1.128839095000000015e+01
5.475520000000000000e+09 -1.133922527000000002e+01
5.475600000000000000e+09 -1.139611374999999960e+01
5.475680000000000000e+09 -1.144340811000000002e+01
5.475760000000000000e+09 -1.150387218000000011e+01
5.475840000000000000e+09 -1.155946561999999922e+01
5.475920000000000000e+09 -1.161742938000000080e+01
5.476000000000000000e+09 -1.168533867000000015e+01
5.476080000000000000e+09 -1.174427986999999973e+01
5.476160000000000000e+09 -1.181031478000000057e+01
5.476240000000000000e+09 -1.187296066000000039e+01
5.476320000000000000e+09 -1.193926130000000008e+01
5.476400000000000000e+09 -1.201249623000000000e+01
5.476480000000000000e+09 -1.208352771000000025e+01
5.476560000000000000e+09 -1.215830657000000059e+01
5.476640000000000000e+09 -1.223294959999999953e+01
5.476720000000000000e+09 -1.231069440999999998e+01
5.476800000000000000e+09 -1.238299173999999958e+01
5.476880000000000000e+09 -1.245822070000000004e+01
5.476960000000000000e+09 -1.253081562999999932e+01
5.477040000000000000e+09 -1.260591898999999927e+01
5.477120000000000000e+09 -1.268420637999999911e+01
5.477200000000000000e+09 -1.275025998999999999e+01
5.477280000000000000e+09 -1.282221936000000007e+01
5.477360000000000000e+09 -1.288723030000000058e+01
5.477440000000000000e+09 -1.295248179999999927e+01
5.477520000000000000e+09 -1.301476184999999930e+01
5.477600000000000000e+09 -1.305674639999999975e+01
5.477680000000000000e+09 -1.311417040999999983e+01
5.477760000000000000e+09 -1.315733795000000050e+01
5.477840000000000000e+09 -1.318971338000000060e+01
5.477920000000000000e+09 -1.321662781999999936e+01
5.478000000000000000e+09 -1.322869326000000001e+01
5.478080000000000000e+09 -1.323936929000000084e+01
5.478160000000000000e+09 -1.323526138999999979e+01
5.478240000000000000e+09 -1.322436322999999980e+01
5.478320000000000000e+09 -1.320010891999999991e+01
5.478400000000000000e+09 -1.316056636999999974e+01
5.478480000000000000e+09 -1.311896751999999999e+01
5.478560000000000000e+09 -1.306678366999999952e+01
5.478640000000000000e+09 -1.299831249000000000e+01
5.478720000000000000e+09 -1.292996418999999975e+01
5.478800000000000000e+09 -1.284938434000000029e+01
5.478880000000000000e+09 -1.276168604000000073e+01
5.478960000000000000e+09 -1.267050799999999988e+01
5.479040000000000000e+09 -1.255835397999999969e+01
5.479120000000000000e+09 -1.247142443999999983e+01
5.479200000000000000e+09 -1.236103841000000081e+01
5.479280000000000000e+09 -1.225683367999999973e+01
5.479360000000000000e+09 -1.214222426999999982e+01
5.479440000000000000e+09 -1.204044516000000087e+01
5.479520000000000000e+09 -1.193565470999999967e+01
5.479600000000000000e+09 -1.182411995000000005e+01
5.479680000000000000e+09 -1.171356800000000042e+01
5.479760000000000000e+09 -1.160650316000000082e+01
5.479840000000000000e+09 -1.150216804000000081e+01
5.479920000000000000e+09 -1.139642124999999950e+01
5.480000000000000000e+09 -1.130537700000000001e+01
5.480080000000000000e+09 -1.120370194999999924e+01
5.480160000000000000e+09 -1.110952533999999936e+01
5.480240000000000000e+09 -1.102241869999999935e+01
5.480320000000000000e+09 -1.093706311000000042e+01
5.480400000000000000e+09 -1.085709568000000047e+01
5.480480000000000000e+09 -1.077049631000000041e+01
5.480560000000000000e+09 -1.069312820999999936e+01
5.480640000000000000e+09 -1.062308200000000014e+01
5.480720000000000000e+09 -1.055380352000000066e+01
5.480800000000000000e+09 -1.048781478000000078e+01
5.480880000000000000e+09 -1.042362920000000059e+01
5.480960000000000000e+09 -1.036639558999999977e+01
5.481040000000000000e+09 -1.030518393000000010e+01
5.481120000000000000e+09 -1.024957651999999975e+01
5.481200000000000000e+09 -1.019675155999999916e+01
5.481280000000000000e+09 -1.014615009999999984e+01
5.481360000000000000e+09 -1.010019332999999975e+01
5.481440000000000000e+09 -1.006259071000000027e+01
5.481520000000000000e+09 -1.001449159999999949e+01
5.481600000000000000e+09 -9.976691726000000315e+00
5.481680000000000000e+09 -9.932353794999999153e+00
5.481760000000000000e+09 -9.900267578999999429e+00
5.481840000000000000e+09 -9.868588657000000097e+00
5.481920000000000000e+09 -9.837780299000000284e+00
5.482000000000000000e+09 -9.801701102999999193e+00
5.482080000000000000e+09 -9.772709217999999254e+00
5.482160000000000000e+09 -9.739737907000000305e+00
5.482240000000000000e+09 -9.722912922000000790e+00
5.482320000000000000e+09 -9.693820613999999836e+00
5.482400000000000000e+09 -9.670858239999999384e+00
5.482480000000000000e+09 -9.642457953999999276e+00
5.482560000000000000e+09 -9.627418998999999644e+00
5.482640000000000000e+09 -9.609151998999999833e+00
5.482720000000000000e+09 -9.585949092999999976e+00
5.482800000000000000e+09 -9.559292483000000118e+00
5.482880000000000000e+09 -9.551965839999999375e+00
5.482960000000000000e+09 -9.540144109999999955e+00
5.483040000000000000e+09 -9.520000917000000840e+00
5.483120000000000000e+09 -9.505784464999999628e+00
5.483200000000000000e+09 -9.484061022000000563e+00
5.483280000000000000e+09 -9.473337100000000177e+00
5.483360000000000000e+09 -9.460056733000000051e+00
5.483440000000000000e+09 -9.445049493000000851e+00
5.483520000000000000e+09 -9.436346902000000370e+00
5.483600000000000000e+09 -9.427643583000000049e+00
5.483680000000000000e+09 -9.413171430000000228e+00
5.483760000000000000e+09 -9.402598512000000852e+00
5.483840000000000000e+09 -9.405760084000000631e+00
5.483920000000000000e+09 -9.387712314999999919e+00
5.484000000000000000e+09 -9.380114938000000180e+00
5.484080000000000000e+09 -9.375995623999999751e+00
5.484160000000000000e+09 -9.363292934000000400e+00
5.484240000000000000e+09 -9.358285014999999873e+00
5.484320000000000000e+09 -9.343289041000000239e+00
5.484400000000000000e+09 -9.341462691000000262e+00
5.484480000000000000e+09 -9.338758946000000449e+00
5.484560000000000000e+09 -9.321209599999999540e+00
5.484640000000000000e+09 -9.322830312000000674e+00
5.484720000000000000e+09 -9.322467685999999532e+00
5.484800000000000000e+09 -9.312089247999999486e+00
5.484880000000000000e+09 -9.300618151000000111e+00
5.484960000000000000e+09 -9.303261775999999372e+00
5.485040000000000000e+09 -9.298869326000000157e+00
5.485120000000000000e+09 -9.294003172000000035e+00
5.485200000000000000e+09 -9.291991041999999368e+00
5.485280000000000000e+09 -9.279863254000000339e+00
5.485360000000000000e+09 -9.273848827000000128e+00
5.485440000000000000e+09 -9.277939357999999359e+00
5.485520000000000000e+09 -9.274161290000000335e+00
5.485600000000000000e+09 -9.272072629000000177e+00
5.485680000000000000e+09 -9.264695131999999944e+00
5.485760000000000000e+09 -9.261915181999999191e+00
5.485840000000000000e+09 -9.258654233999999761e+00
5.485920000000000000e+09 -9.253506614999999158e+00
5.486000000000000000e+09 -9.251230202000000347e+00
5.486080000000000000e+09 -9.245103134000000722e+00
5.486160000000000000e+09 -9.247681726999999796e+00
5.486240000000000000e+09 -9.243926777000000428e+00
5.486320000000000000e+09 -9.242071491000000805e+00
5.486400000000000000e+09 -9.243371679999999202e+00
5.486480000000000000e+09 -9.241772767000000499e+00
5.486560000000000000e+09 -9.233024514000000238e+00
5.486640000000000000e+09 -9.231540743000000049e+00
5.486720000000000000e+09 -9.239762711999999212e+00
5.486800000000000000e+09 -9.239747550000000587e+00
5.486880000000000000e+09 -9.227491512000000284e+00
5.486960000000000000e+09 -9.229471028000000743e+00
5.487040000000000000e+09 -9.225627578999999301e+00
5.487120000000000000e+09 -9.222978517999999681e+00
5.487200000000000000e+09 -9.233400202000000334e+00
5.487280000000000000e+09 -9.226847350999999975e+00
5.487360000000000000e+09 -9.223470790000000363e+00
5.487440000000000000e+09 -9.225399833000000882e+00
5.487520000000000000e+09 -9.224995978000000818e+00
5.487600000000000000e+09 -9.220380922000000368e+00
5.487680000000000000e+09 -9.222020920000000288e+00
5.487760000000000000e+09 -9.220101815999999673e+00
5.487840000000000000e+09 -9.215215964000000426e+00
5.487920000000000000e+09 -9.211028000000000659e+00
5.488000000000000000e+09 -9.216118108999999947e+00
5.488080000000000000e+09 -9.215808902999999219e+00
5.488160000000000000e+09 -9.212190935000000636e+00
5.488240000000000000e+09 -9.213236545000000888e+00
5.488320000000000000e+09 -9.213599886000000794e+00
5.488400000000000000e+09 -9.213051565000000664e+00
5.488480000000000000e+09 -9.210595542000000080e+00
5.488560000000000000e+09 -9.211867723999999313e+00
5.488640000000000000e+09 -9.215873879000000102e+00
5.488720000000000000e+09 -9.209957654000000105e+00
5.488800000000000000e+09 -9.211850463999999405e+00
5.488880000000000000e+09 -9.206017461000000068e+00
5.488960000000000000e+09 -9.213561283000000657e+00
5.489040000000000000e+09 -9.206803716999999665e+00
5.489120000000000000e+09 -9.207012456999999372e+00
5.489200000000000000e+09 -9.206776382999999342e+00
5.489280000000000000e+09 -9.210025655999999117e+00
5.489360000000000000e+09 -9.211304161999999351e+00
5.489440000000000000e+09 -9.213782177000000573e+00
5.489520000000000000e+09 -9.204261336000000071e+00
5.489600000000000000e+09 -9.210970405999999500e+00
5.489680000000000000e+09 -9.210560152999999417e+00
5.489760000000000000e+09 -9.209272889999999379e+00
5.489840000000000000e+09 -9.206998168000000149e+00
5.489920000000000000e+09 -9.203282957000000764e+00
5.490000000000000000e+09 -9.205426870000000150e+00
5.490080000000000000e+09 -9.207252664000000308e+00
5.490160000000000000e+09 -9.209639419000000160e+00
5.490240000000000000e+09 -9.207860852999999679e+00
5.490320000000000000e+09 -9.202895143999999306e+00
5.490400000000000000e+09 -9.218524129000000400e+00
5.490480000000000000e+09 -9.209620710999999460e+00
5.490560000000000000e+09 -9.211217625999999825e+00
5.490640000000000000e+09 -9.210186444999999722e+00
5.490720000000000000e+09 -9.208639183000000727e+00
5.490800000000000000e+09 -9.207480263000000775e+00
5.490880000000000000e+09 -9.206911883000000074e+00
5.490960000000000000e+09 -9.209902745000000834e+00
5.491040000000000000e+09 -9.206269177999999442e+00
5.491120000000000000e+09 -9.208111287999999561e+00
5.491200000000000000e+09 -9.208397395000000429e+00
5.491280000000000000e+09 -9.210442782999999523e+00
5.491360000000000000e+09 -9.209268041999999710e+00
5.491440000000000000e+09 -9.209719440000000645e+00
5.491520000000000000e+09 -9.212121333000000689e+00
5.491600000000000000e+09 -9.211016901000000701e+00
5.491680000000000000e+09 -9.219462249999999415e+00
5.491760000000000000e+09 -9.210061470999999500e+00
5.491840000000000000e+09 -9.209572066999999862e+00
5.491920000000000000e+09 -9.211678136999999822e+00
5.492000000000000000e+09 -9.207350770999999767e+00
5.492080000000000000e+09 -9.212961749999999839e+00
5.492160000000000000e+09 -9.217405787000000572e+00
5.492240000000000000e+09 -9.213615563999999480e+00
5.492320000000000000e+09 -9.216988677999999879e+00
5.492400000000000000e+09 -9.211886558999999863e+00
5.492480000000000000e+09 -9.216328148000000553e+00
5.492560000000000000e+09 -9.219418945999999337e+00
5.492640000000000000e+09 -9.217572902000000568e+00
5.492720000000000000e+09 -9.218253117999999802e+00
5.492800000000000000e+09 -9.215634817999999839e+00
5.492880000000000000e+09 -9.216131640000000402e+00
5.492960000000000000e+09 -9.212690276000000011e+00
5.493040000000000000e+09 -9.219312733000000648e+00
5.493120000000000000e+09 -9.221793522000000465e+00
5.493200000000000000e+09 -9.218189107000000604e+00
5.493280000000000000e+09 -9.221009591999999699e+00
5.493360000000000000e+09 -9.221002092999999178e+00
5.493440000000000000e+09 -9.218556297999999316e+00
5.493520000000000000e+09 -9.226374119000000817e+00
5.493600000000000000e+09 -9.224976549999999165e+00
5.493680000000000000e+09 -9.229690008000000390e+00
5.493760000000000000e+09 -9.223569645999999622e+00
5.493840000000000000e+09 -9.228866690000000261e+00
5.493920000000000000e+09 -9.223290026999999114e+00
5.494000000000000000e+09 -9.225036287000000002e+00
5.494080000000000000e+09 -9.231654844999999554e+00
5.494160000000000000e+09 -9.223705280000000784e+00
5.494240000000000000e+09 -9.225194245000000848e+00
5.494320000000000000e+09 -9.224773468000000420e+00
5.494400000000000000e+09 -9.228256867000000696e+00
5.494480000000000000e+09 -9.231350039000000507e+00
5.494560000000000000e+09 -9.231533198999999357e+00
5.494640000000000000e+09 -9.232214094999999787e+00
5.494720000000000000e+09 -9.231408699999999357e+00
5.494800000000000000e+09 -9.235672816999999313e+00
5.494880000000000000e+09 -9.233142448000000613e+00
5.494960000000000000e+09 -9.238727079000000231e+00
5.495040000000000000e+09 -9.232760575000000358e+00
5.495120000000000000e+09 -9.239701696999999214e+00
5.495200000000000000e+09 -9.233600092999999731e+00
5.495280000000000000e+09 -9.239341395000000290e+00
5.495360000000000000e+09 -9.239765263000000672e+00
5.495440000000000000e+09 -9.234404978000000597e+00
5.495520000000000000e+09 -9.235491835999999566e+00
5.495600000000000000e+09 -9.243118772000000760e+00
5.495680000000000000e+09 -9.237563341999999622e+00
5.495760000000000000e+09 -9.243719441999999731e+00
5.495840000000000000e+09 -9.244609021000000482e+00
5.495920000000000000e+09 -9.241869347999999817e+00
5.496000000000000000e+09 -9.246064234000000326e+00
5.496080000000000000e+09 -9.244737684000000399e+00
5.496160000000000000e+09 -9.243485031000000518e+00
5.496240000000000000e+09 -9.246205350000000323e+00
5.496320000000000000e+09 -9.254765446000000395e+00
5.496400000000000000e+09 -9.253299974999999122e+00
5.496480000000000000e+09 -9.250693814999999987e+00
5.496560000000000000e+09 -9.254562059999999590e+00
5.496640000000000000e+09 -9.256726875000000021e+00
5.496720000000000000e+09 -9.251834905000000830e+00
5.496800000000000000e+09 -9.252866529000000284e+00
5.496880000000000000e+09 -9.253715355000000642e+00
5.496960000000000000e+09 -9.250640268999999805e+00
5.497040000000000000e+09 -9.250375648000000339e+00
5.497120000000000000e+09 -9.256852697999999435e+00
5.497200000000000000e+09 -9.257091476999999458e+00
5.497280000000000000e+09 -9.258198475000000371e+00
5.497360000000000000e+09 -9.256772323999999941e+00
5.497440000000000000e+09 -9.261193422999999925e+00
5.497520000000000000e+09 -9.260499502000000049e+00
5.497600000000000000e+09 -9.265180561999999398e+00
5.497680000000000000e+09 -9.263296902000000443e+00
5.497760000000000000e+09 -9.265368738999999465e+00
5.497840000000000000e+09 -9.265118322999999378e+00
5.497920000000000000e+09 -9.269035507999999979e+00
5.498000000000000000e+09 -9.265398595000000626e+00
5.498080000000000000e+09 -9.270091846999999774e+00
5.498160000000000000e+09 -9.269051723000000464e+00
5.498240000000000000e+09 -9.268456258000000503e+00
5.498320000000000000e+09 -9.267028508999999303e+00
5.498400000000000000e+09 -9.273481883000000536e+00
5.498480000000000000e+09 -9.271290198999999177e+00
5.498560000000000000e+09 -9.274018043999999961e+00
5.498640000000000000e+09 -9.274754646999999963e+00
5.498720000000000000e+09 -9.273483631999999588e+00
5.498800000000000000e+09 -9.278315355000000153e+00
5.498880000000000000e+09 -9.276834886999999696e+00
5.498960000000000000e+09 -9.279688967000000233e+00
5.499040000000000000e+09 -9.278358421000000078e+00
5.499120000000000000e+09 -9.282229437999999888e+00
5.499200000000000000e+09 -9.280055198999999533e+00
5.499280000000000000e+09 -9.285649059000000705e+00
5.499360000000000000e+09 -9.282031233999999742e+00
5.499440000000000000e+09 -9.289335194999999601e+00
5.499520000000000000e+09 -9.285518735000000135e+00
5.499600000000000000e+09 -9.287312203000000821e+00
5.499680000000000000e+09 -9.285818659000000252e+00
5.499760000000000000e+09 -9.291911618000000317e+00
5.499840000000000000e+09 -9.293222897999999788e+00
5.499920000000000000e+09 -9.288539317999999767e+00
5.500000000000000000e+09 -9.291180772000000587e+00
5.500080000000000000e+09 -9.292170774000000577e+00
5.500160000000000000e+09 -9.295743692000000280e+00
5.500240000000000000e+09 -9.298615432000000069e+00
5.500320000000000000e+09 -9.299576025000000357e+00
5.500400000000000000e+09 -9.297479709999999287e+00
5.500480000000000000e+09 -9.303368430000000799e+00
5.500560000000000000e+09 -9.305539903999999751e+00
5.500640000000000000e+09 -9.302374712000000656e+00
5.500720000000000000e+09 -9.302480307999999809e+00
5.500800000000000000e+09 -9.305722877999999199e+00
5.500880000000000000e+09 -9.305669792999999856e+00
5.500960000000000000e+09 -9.312916248000000508e+00
5.501040000000000000e+09 -9.310784759000000577e+00
5.501120000000000000e+09 -9.309211784000000378e+00
5.501200000000000000e+09 -9.307554774999999836e+00
5.501280000000000000e+09 -9.316092658000000526e+00
5.501360000000000000e+09 -9.315890795999999696e+00
5.501440000000000000e+09 -9.310786075999999412e+00
5.501520000000000000e+09 -9.319786470000000378e+00
5.501600000000000000e+09 -9.314026477000000526e+00
5.501680000000000000e+09 -9.313969369000000498e+00
5.501760000000000000e+09 -9.318093648999999701e+00
5.501840000000000000e+09 -9.316926347000000774e+00
5.501920000000000000e+09 -9.320180474000000714e+00
5.502000000000000000e+09 -9.323716522999999867e+00
5.502080000000000000e+09 -9.326310768000000806e+00
5.502160000000000000e+09 -9.322404564999999366e+00
5.502240000000000000e+09 -9.325019185000000377e+00
5.502320000000000000e+09 -9.327794200999999674e+00
5.502400000000000000e+09 -9.327447156999999933e+00
5.502480000000000000e+09 -9.326670609000000667e+00
5.502560000000000000e+09 -9.328044222999999135e+00
5.502640000000000000e+09 -9.336021818000000749e+00
5.502720000000000000e+09 -9.335785540999999910e+00
5.502800000000000000e+09 -9.337672923999999597e+00
5.502880000000000000e+09 -9.332816883999999646e+00
5.502960000000000000e+09 -9.335592719999999289e+00
5.503040000000000000e+09 -9.339120216999999613e+00
5.503120000000000000e+09 -9.337751545999999792e+00
5.503200000000000000e+09 -9.336961896000000038e+00
5.503280000000000000e+09 -9.337043487000000752e+00
5.503360000000000000e+09 -9.338693520999999720e+00
5.503440000000000000e+09 -9.339649629000000175e+00
5.503520000000000000e+09 -9.343095489999999614e+00
5.503600000000000000e+09 -9.344626075000000753e+00
5.503680000000000000e+09 -9.343979379000000307e+00
5.503760000000000000e+09 -9.349058610000000158e+00
5.503840000000000000e+09 -9.343579413000000500e+00
5.503920000000000000e+09 -9.351144869000000526e+00
5.504000000000000000e+09 -9.346142932999999431e+00
5.504080000000000000e+09 -9.349444434000000470e+00
5.504160000000000000e+09 -9.353126192999999589e+00
5.504240000000000000e+09 -9.352814301000000441e+00
5.504320000000000000e+09 -9.355668674000000351e+00
5.504400000000000000e+09 -9.351997766000000212e+00
5.504480000000000000e+09 -9.353989011999999548e+00
5.504560000000000000e+09 -9.357059123000000866e+00
5.504640000000000000e+09 -9.360890903999999679e+00
5.504720000000000000e+09 -9.354429321999999658e+00
5.504800000000000000e+09 -9.349481154999999433e+00
5.504880000000000000e+09 -9.360523090999999241e+00
5.504960000000000000e+09 -9.357426453000000421e+00
5.505040000000000000e+09 -9.363426219999999134e+00
5.505120000000000000e+09 -9.361997970999999197e+00
5.505200000000000000e+09 -9.364615779999999390e+00
5.505280000000000000e+09 -9.365409211999999428e+00
5.505360000000000000e+09 -9.369152545000000387e+00
5.505440000000000000e+09 -9.369180141999999378e+00
5.505520000000000000e+09 -9.363785114000000576e+00
5.505600000000000000e+09 -9.368259068000000411e+00
5.505680000000000000e+09 -9.364807466000000247e+00
5.505760000000000000e+09 -9.375841297999999213e+00
5.505840000000000000e+09 -9.370215821000000389e+00
5.505920000000000000e+09 -9.375268744999999626e+00
5.506000000000000000e+09 -9.377897475999999344e+00
5.506080000000000000e+09 -9.370703269999999918e+00
5.506160000000000000e+09 -9.377624475999999376e+00
5.506240000000000000e+09 -9.378817643999999731e+00
5.506320000000000000e+09 -9.380381199000000336e+00
5.506400000000000000e+09 -9.382082127000000327e+00
5.506480000000000000e+09 -9.377851830999999194e+00
5.506560000000000000e+09 -9.383821268000000160e+00
5.506640000000000000e+09 -9.384777920999999523e+00
5.506720000000000000e+09 -9.377512661000000804e+00
5.506800000000000000e+09 -9.386102757999999824e+00
5.506880000000000000e+09 -9.376618750000000446e+00
5.506960000000000000e+09 -9.392651958000000079e+00
5.507040000000000000e+09 -9.387412539999999694e+00
5.507120000000000000e+09 -9.384271074999999129e+00
5.507200000000000000e+09 -9.381251910999999666e+00
5.507280000000000000e+09 -9.389522706999999357e+00
5.507360000000000000e+09 -9.389093688000000881e+00
5.507440000000000000e+09 -9.394880434999999252e+00
5.507520000000000000e+09 -9.391477224999999152e+00
5.507600000000000000e+09 -9.393745339000000527e+00
5.507680000000000000e+09 -9.391726291999999532e+00
5.507760000000000000e+09 -9.391935737000000728e+00
5.507840000000000000e+09 -9.390946884999999966e+00
5.507920000000000000e+09 -9.395126940999999121e+00
5.508000000000000000e+09 -9.397932852000000281e+00
5.508080000000000000e+09 -9.402256172999999606e+00
5.508160000000000000e+09 -9.397118764000000013e+00
5.508240000000000000e+09 -9.400836507999999370e+00
5.508320000000000000e+09 -9.395043671999999901e+00
5.508400000000000000e+09 -9.399228536000000744e+00
5.508480000000000000e+09 -9.399923287000000016e+00
5.508560000000000000e+09 -9.402521184999999448e+00
5.508640000000000000e+09 -9.401767737000000125e+00
5.508720000000000000e+09 -9.405070358999999769e+00
5.508800000000000000e+09 -9.404902656999999166e+00
5.508880000000000000e+09 -9.402500228999999266e+00
5.508960000000000000e+09 -9.410054794000000555e+00
5.509040000000000000e+09 -9.409724885999999344e+00
5.509120000000000000e+09 -9.408002473999999893e+00
5.509200000000000000e+09 -9.410405127000000647e+00
5.509280000000000000e+09 -9.406729487999999861e+00
5.509360000000000000e+09 -9.406905780000000661e+00
5.509440000000000000e+09 -9.412280217999999365e+00
5.509520000000000000e+09 -9.408911110000000022e+00
5.509600000000000000e+09 -9.410657194000000558e+00
5.509680000000000000e+09 -9.413289213000000544e+00
5.509760000000000000e+09 -9.415475160999999815e+00
5.509840000000000000e+09 -9.412878180999999955e+00
5.509920000000000000e+09 -9.407974054000000308e+00
5.510000000000000000e+09 -9.418171504000000027e+00
5.510080000000000000e+09 -9.415976909999999478e+00
5.510160000000000000e+09 -9.416022957999999221e+00
5.510240000000000000e+09 -9.415523157000000865e+00
5.510320000000000000e+09 -9.413682565000000224e+00
5.510400000000000000e+09 -9.411879998999999941e+00
5.510480000000000000e+09 -9.415791650999999263e+00
5.510560000000000000e+09 -9.421182109000000082e+00
5.510640000000000000e+09 -9.417153254000000473e+00
5.510720000000000000e+09 -9.417373216999999741e+00
5.510800000000000000e+09 -9.424516935999999845e+00
5.510880000000000000e+09 -9.426484606000000710e+00
5.510960000000000000e+09 -9.418567762000000343e+00
5.511040000000000000e+09 -9.419864683000000127e+00
5.511120000000000000e+09 -9.419032539999999898e+00
5.511200000000000000e+09 -9.422047084000000794e+00
5.511280000000000000e+09 -9.421818332999999157e+00
5.511360000000000000e+09 -9.422765622000000008e+00
5.511440000000000000e+09 -9.423908885999999541e+00
5.511520000000000000e+09 -9.418919702000000171e+00
5.511600000000000000e+09 -9.425703005000000800e+00
5.511680000000000000e+09 -9.420948551000000393e+00
5.511760000000000000e+09 -9.423713977000000241e+00
5.511840000000000000e+09 -9.428601009999999505e+00
5.511920000000000000e+09 -9.423750507999999471e+00
5.512000000000000000e+09 -9.427724826000000391e+00
5.512080000000000000e+09 -9.426702072999999515e+00
5.512160000000000000e+09 -9.428741794000000453e+00
5.512240000000000000e+09 -9.424785204000000860e+00
5.512320000000000000e+09 -9.433687644999999122e+00
5.512400000000000000e+09 -9.434375192999999271e+00
5.512480000000000000e+09 -9.431270690999999928e+00
5.512560000000000000e+09 -9.425168302999999526e+00
5.512640000000000000e+09 -9.430676384999999939e+00
5.512720000000000000e+09 -9.425027338999999671e+00
5.512800000000000000e+09 -9.426258855000000381e+00
5.512880000000000000e+09 -9.421504223999999539e+00
5.512960000000000000e+09 -9.426809624000000554e+00
5.513040000000000000e+09 -9.431220234999999619e+00
5.513120000000000000e+09 -9.426638091999999247e+00
5.513200000000000000e+09 -9.427140314000000743e+00
5.513280000000000000e+09 -9.432802445000000091e+00
5.513360000000000000e+09 -9.430083723999999279e+00
5.513440000000000000e+09 -9.428035104999999305e+00
5.513520000000000000e+09 -9.426745592999999701e+00
5.513600000000000000e+09 -9.436625216999999566e+00
5.513680000000000000e+09 -9.422590037000000862e+00
5.513760000000000000e+09 -9.436254002000000085e+00
5.513840000000000000e+09 -9.429484694999999306e+00
5.513920000000000000e+09 -9.430253775000000616e+00
5.514000000000000000e+09 -9.430106286999999199e+00
5.514080000000000000e+09 -9.431468886999999413e+00
5.514160000000000000e+09 -9.429885626000000798e+00
5.514240000000000000e+09 -9.437974403000000123e+00
5.514320000000000000e+09 -9.426850538000000057e+00
5.514400000000000000e+09 -9.435677883000000321e+00
5.514480000000000000e+09 -9.433709479999999203e+00
5.514560000000000000e+09 -9.433512829999999738e+00
5.514640000000000000e+09 -9.428805684000000298e+00
5.514720000000000000e+09 -9.428536130999999543e+00
5.514800000000000000e+09 -9.431741404000000273e+00
5.514880000000000000e+09 -9.437199662999999461e+00
5.514960000000000000e+09 -9.429589443999999432e+00
5.515040000000000000e+09 -9.435024171000000237e+00
5.515120000000000000e+09 -9.433088949000000056e+00
5.515200000000000000e+09 -9.427102968999999888e+00
5.515280000000000000e+09 -9.431064256000000867e+00
5.515360000000000000e+09 -9.430852298999999661e+00
5.515440000000000000e+09 -9.426843827000000786e+00
5.515520000000000000e+09 -9.428204815999999155e+00
5.515600000000000000e+09 -9.431561863000000656e+00
5.515680000000000000e+09 -9.433348803999999532e+00
5.515760000000000000e+09 -9.435659839999999576e+00
5.515840000000000000e+09 -9.430293617000000239e+00
5.515920000000000000e+09 -9.432274482000000404e+00
5.516000000000000000e+09 -9.429888512999999861e+00
5.516080000000000000e+09 -9.429857628000000602e+00
5.516160000000000000e+09 -9.438140127000000490e+00
5.516240000000000000e+09 -9.429349949000000564e+00
5.516320000000000000e+09 -9.428320198999999846e+00
5.516400000000000000e+09 -9.430298552000000001e+00
5.516480000000000000e+09 -9.426088112000000407e+00
5.516560000000000000e+09 -9.430286833000000257e+00
5.516640000000000000e+09 -9.425080068999999838e+00
5.516720000000000000e+09 -9.429202729000000005e+00
5.516800000000000000e+09 -9.428221620000000414e+00
5.516880000000000000e+09 -9.425812197000000836e+00
5.516960000000000000e+09 -9.431740996000000266e+00
5.517040000000000000e+09 -9.427819612000000404e+00
5.517120000000000000e+09 -9.431904343999999440e+00
5.517200000000000000e+09 -9.422108614000000770e+00
5.517280000000000000e+09 -9.425504852999999628e+00
5.517360000000000000e+09 -9.423034384999999347e+00
5.517440000000000000e+09 -9.424711526999999478e+00
5.517520000000000000e+09 -9.426701379000000713e+00
5.517600000000000000e+09 -9.429416171999999818e+00
5.517680000000000000e+09 -9.422479118000000042e+00
5.517760000000000000e+09 -9.425619871000000316e+00
5.517840000000000000e+09 -9.422802946999999207e+00
5.517920000000000000e+09 -9.425735921999999434e+00
5.518000000000000000e+09 -9.426401047000000588e+00
5.518080000000000000e+09 -9.421285906999999682e+00
5.518160000000000000e+09 -9.418650503000000285e+00
5.518240000000000000e+09 -9.422139624999999796e+00
5.518320000000000000e+09 -9.421396684999999493e+00
5.518400000000000000e+09 -9.427057020999999537e+00
5.518480000000000000e+09 -9.422219877999999937e+00
5.518560000000000000e+09 -9.418888491000000585e+00
5.518640000000000000e+09 -9.421814486000000599e+00
5.518720000000000000e+09 -9.419654293000000678e+00
5.518800000000000000e+09 -9.417679427999999575e+00
5.518880000000000000e+09 -9.420595866999999402e+00
5.518960000000000000e+09 -9.420453181999999259e+00
5.519040000000000000e+09 -9.414122623000000800e+00
5.519120000000000000e+09 -9.417841507000000334e+00
5.519200000000000000e+09 -9.412825235999999762e+00
5.519280000000000000e+09 -9.417645123999999868e+00
5.519360000000000000e+09 -9.418047832999999258e+00
5.519440000000000000e+09 -9.416438418000000254e+00
5.519520000000000000e+09 -9.415115560000000272e+00
5.519600000000000000e+09 -9.415849110999999994e+00
5.519680000000000000e+09 -9.416849749000000713e+00
5.519760000000000000e+09 -9.408243632999999662e+00
5.519840000000000000e+09 -9.412666973000000326e+00
5.519920000000000000e+09 -9.415509501000000725e+00
5.520000000000000000e+09 -9.408109968999999850e+00
