5.440000000000000000e+09 -9.100156200000000695e+00
5.440080000000000000e+09 -9.083945633000000797e+00
5.440160000000000000e+09 -9.142149514999999838e+00
5.440240000000000000e+09 -9.134364149999999682e+00
5.440320000000000000e+09 -9.158961399000000725e+00
5.440400000000000000e+09 -9.150871944000000369e+00
5.440480000000000000e+09 -9.119095636999999144e+00
5.440560000000000000e+09 -9.132360485999999611e+00
5.440640000000000000e+09 -9.134860829999999154e+00
5.440720000000000000e+09 -9.124710702999999867e+00
5.440800000000000000e+09 -9.142556980000000166e+00
5.440880000000000000e+09 -9.115148603999999821e+00
5.440960000000000000e+09 -9.117717408000000745e+00
5.441040000000000000e+09 -9.107252253000000408e+00
5.441120000000000000e+09 -9.094603457999999918e+00
5.441200000000000000e+09 -9.149963570000000601e+00
5.441280000000000000e+09 -9.113356594000000754e+00
5.441360000000000000e+09 -9.127444221999999385e+00
5.441440000000000000e+09 -9.129650696000000565e+00
5.441520000000000000e+09 -9.122663911000000070e+00
5.441600000000000000e+09 -9.138281751999999258e+00
5.441680000000000000e+09 -9.166871151000000495e+00
5.441760000000000000e+09 -9.125715386999999623e+00
5.441840000000000000e+09 -9.101614618999999351e+00
5.441920000000000000e+09 -9.156458925000000804e+00
5.442000000000000000e+09 -9.137423026000000448e+00
5.442080000000000000e+09 -9.107049526000000839e+00
5.442160000000000000e+09 -9.122245178000000010e+00
5.442240000000000000e+09 -9.122662120999999402e+00
5.442320000000000000e+09 -9.118768023999999528e+00
5.442400000000000000e+09 -9.114238612999999489e+00
5.442480000000000000e+09 -9.147701294999999178e+00
5.442560000000000000e+09 -9.130060459999999267e+00
5.442640000000000000e+09 -9.124429482000000036e+00
5.442720000000000000e+09 -9.121046419000000682e+00
5.442800000000000000e+09 -9.139867160999999740e+00
5.442880000000000000e+09 -9.161498957999999249e+00
5.442960000000000000e+09 -9.145422288000000677e+00
5.443040000000000000e+09 -9.126244341999999676e+00
5.443120000000000000e+09 -9.155578734000000551e+00
5.443200000000000000e+09 -9.127630111000000213e+00
5.443280000000000000e+09 -9.139216577999999203e+00
5.443360000000000000e+09 -9.134290736000000521e+00
5.443440000000000000e+09 -9.166697564999999770e+00
5.443520000000000000e+09 -9.154488023000000751e+00
5.443600000000000000e+09 -9.123706378999999700e+00
5.443680000000000000e+09 -9.173048787999999121e+00
5.443760000000000000e+09 -9.136464828999999455e+00
5.443840000000000000e+09 -9.130846104999999824e+00
5.443920000000000000e+09 -9.146370559999999372e+00
5.444000000000000000e+09 -9.150581108000000796e+00
5.444080000000000000e+09 -9.137219170999999918e+00
5.444160000000000000e+09 -9.141354717000000463e+00
5.444240000000000000e+09 -9.139149638999999326e+00
5.444320000000000000e+09 -9.121481509000000543e+00
5.444400000000000000e+09 -9.152888994999999639e+00
5.444480000000000000e+09 -9.123277424999999496e+00
5.444560000000000000e+09 -9.120682922000000303e+00
5.444640000000000000e+09 -9.140588467000000605e+00
5.444720000000000000e+09 -9.123977552999999574e+00
5.444800000000000000e+09 -9.136346587000000241e+00
5.444880000000000000e+09 -9.146084442999999453e+00
5.444960000000000000e+09 -9.146195888999999468e+00
5.445040000000000000e+09 -9.106149308999999192e+00
5.445120000000000000e+09 -9.123834883000000673e+00
5.445200000000000000e+09 -9.121982661000000547e+00
5.445280000000000000e+09 -9.134712154000000695e+00
5.445360000000000000e+09 -9.148170857000000211e+00
5.445440000000000000e+09 -9.142610892000000433e+00
5.445520000000000000e+09 -9.143008138000000784e+00
5.445600000000000000e+09 -9.166059525999999735e+00
5.445680000000000000e+09 -9.122978063999999776e+00
5.445760000000000000e+09 -9.146982254999999284e+00
5.445840000000000000e+09 -9.125148189000000798e+00
5.445920000000000000e+09 -9.124800756999999152e+00
5.446000000000000000e+09 -9.150372678000000093e+00
5.446080000000000000e+09 -9.165223349999999769e+00
5.446160000000000000e+09 -9.120830708999999814e+00
5.446240000000000000e+09 -9.174906899999999865e+00
5.446320000000000000e+09 -9.168221797999999367e+00
5.446400000000000000e+09 -9.178357841000000406e+00
5.446480000000000000e+09 -9.135002369000000400e+00
5.446560000000000000e+09 -9.144944877000000361e+00
5.446640000000000000e+09 -9.116935879999999770e+00
5.446720000000000000e+09 -9.166875831000000474e+00
5.446800000000000000e+09 -9.159858293999999290e+00
5.446880000000000000e+09 -9.170794592000000023e+00
5.446960000000000000e+09 -9.155305471000000139e+00
5.447040000000000000e+09 -9.140085350999999747e+00
5.447120000000000000e+09 -9.186922557000000822e+00
5.447200000000000000e+09 -9.179132010000000008e+00
5.447280000000000000e+09 -9.139412396000000882e+00
5.447360000000000000e+09 -9.198095691000000684e+00
5.447440000000000000e+09 -9.161354383000000823e+00
5.447520000000000000e+09 -9.159348325999999929e+00
5.447600000000000000e+09 -9.163290412000000273e+00
5.447680000000000000e+09 -9.147330986000000053e+00
5.447760000000000000e+09 -9.153715854999999735e+00
5.447840000000000000e+09 -9.177448916999999540e+00
5.447920000000000000e+09 -9.192757965000000198e+00
5.448000000000000000e+09 -9.185425592999999722e+00
5.448080000000000000e+09 -9.181279509999999533e+00
5.448160000000000000e+09 -9.155355135000000644e+00
5.448240000000000000e+09 -9.184018976999999140e+00
5.448320000000000000e+09 -9.158645897999999619e+00
5.448400000000000000e+09 -9.184083324999999576e+00
5.448480000000000000e+09 -9.176129221000000058e+00
5.448560000000000000e+09 -9.212249728999999832e+00
5.448640000000000000e+09 -9.219362279000000271e+00
5.448720000000000000e+09 -9.204038132999999178e+00
5.448800000000000000e+09 -9.178668022000000093e+00
5.448880000000000000e+09 -9.180966657999999114e+00
5.448960000000000000e+09 -9.163252331000000694e+00
5.449040000000000000e+09 -9.197071407999999337e+00
5.449120000000000000e+09 -9.178455626999999950e+00
5.449200000000000000e+09 -9.192262474999999711e+00
5.449280000000000000e+09 -9.200489606999999737e+00
5.449360000000000000e+09 -9.174747144999999549e+00
5.449440000000000000e+09 -9.194418088000000822e+00
5.449520000000000000e+09 -9.193276889999999923e+00
5.449600000000000000e+09 -9.207455253999999201e+00
5.449680000000000000e+09 -9.172043151000000449e+00
5.449760000000000000e+09 -9.197181037000000003e+00
5.449840000000000000e+09 -9.210559639999999604e+00
5.449920000000000000e+09 -9.194690488999999189e+00
5.450000000000000000e+09 -9.210658408000000463e+00
5.450080000000000000e+09 -9.204046976000000768e+00
5.450160000000000000e+09 -9.206493014999999502e+00
5.450240000000000000e+09 -9.199688888000000730e+00
5.450320000000000000e+09 -9.207212070000000637e+00
5.450400000000000000e+09 -9.204209152000000671e+00
5.450480000000000000e+09 -9.185521310000000383e+00
5.450560000000000000e+09 -9.221432222000000678e+00
5.450640000000000000e+09 -9.223828329999999909e+00
5.450720000000000000e+09 -9.220206419000000153e+00
5.450800000000000000e+09 -9.217557404000000787e+00
5.450880000000000000e+09 -9.216002245000000315e+00
5.450960000000000000e+09 -9.240385550999999253e+00
5.451040000000000000e+09 -9.224974685999999480e+00
5.451120000000000000e+09 -9.230143695000000648e+00
5.451200000000000000e+09 -9.215951548999999687e+00
5.451280000000000000e+09 -9.230330871999999687e+00
5.451360000000000000e+09 -9.207531782000000220e+00
5.451440000000000000e+09 -9.212009629000000643e+00
5.451520000000000000e+09 -9.209595895999999726e+00
5.451600000000000000e+09 -9.191696456000000737e+00
5.451680000000000000e+09 -9.204687123999999443e+00
5.451760000000000000e+09 -9.228173671000000411e+00
5.451840000000000000e+09 -9.226166034000000238e+00
5.451920000000000000e+09 -9.226891660999999800e+00
5.452000000000000000e+09 -9.232916550000000555e+00
5.452080000000000000e+09 -9.234466009000000142e+00
5.452160000000000000e+09 -9.230464192999999540e+00
5.452240000000000000e+09 -9.217834271999999274e+00
5.452320000000000000e+09 -9.227243783000000477e+00
5.452400000000000000e+09 -9.240402383999999358e+00
5.452480000000000000e+09 -9.237443810000000255e+00
5.452560000000000000e+09 -9.243101194999999493e+00
5.452640000000000000e+09 -9.233451493000000454e+00
5.452720000000000000e+09 -9.256056888999999899e+00
5.452800000000000000e+09 -9.245953013999999470e+00
5.452880000000000000e+09 -9.241065926999999292e+00
5.452960000000000000e+09 -9.268131255000000124e+00
5.453040000000000000e+09 -9.236047792999999118e+00
5.453120000000000000e+09 -9.248382624999999635e+00
5.453200000000000000e+09 -9.237794916000000356e+00
5.453280000000000000e+09 -9.274373647999999193e+00
5.453360000000000000e+09 -9.244185117000000673e+00
5.453440000000000000e+09 -9.236032734000000133e+00
5.453520000000000000e+09 -9.291476084999999330e+00
5.453600000000000000e+09 -9.259999935999999821e+00
5.453680000000000000e+09 -9.252961404000000556e+00
5.453760000000000000e+09 -9.271311345999999176e+00
5.453840000000000000e+09 -9.269669989000000498e+00
5.453920000000000000e+09 -9.260914854999999335e+00
5.454000000000000000e+09 -9.269098868000000380e+00
5.454080000000000000e+09 -9.270909617999999242e+00
5.454160000000000000e+09 -9.286339315999999400e+00
5.454240000000000000e+09 -9.258507953000000512e+00
5.454320000000000000e+09 -9.252447956999999334e+00
5.454400000000000000e+09 -9.260766849999999550e+00
5.454480000000000000e+09 -9.267794265999999226e+00
5.454560000000000000e+09 -9.288746538999999913e+00
5.454640000000000000e+09 -9.271995529999999874e+00
5.454720000000000000e+09 -9.273825798000000731e+00
5.454800000000000000e+09 -9.266525734000000014e+00
5.454880000000000000e+09 -9.271345676999999341e+00
5.454960000000000000e+09 -9.269621453999999261e+00
5.455040000000000000e+09 -9.285918926000000795e+00
5.455120000000000000e+09 -9.280758949999999174e+00
5.455200000000000000e+09 -9.268900543000000880e+00
5.455280000000000000e+09 -9.298661668999999463e+00
5.455360000000000000e+09 -9.291338456000000079e+00
5.455440000000000000e+09 -9.289755168999999313e+00
5.455520000000000000e+09 -9.299726062999999598e+00
5.455600000000000000e+09 -9.267855137999999826e+00
5.455680000000000000e+09 -9.300130375000000171e+00
5.455760000000000000e+09 -9.343534668000000210e+00
5.455840000000000000e+09 -9.302148573000000198e+00
5.455920000000000000e+09 -9.320049886999999700e+00
5.456000000000000000e+09 -9.303774739999999710e+00
5.456080000000000000e+09 -9.332400275999999550e+00
5.456160000000000000e+09 -9.288645747000000341e+00
5.456240000000000000e+09 -9.300703700999999768e+00
5.456320000000000000e+09 -9.308335008000000244e+00
5.456400000000000000e+09 -9.298095926000000233e+00
5.456480000000000000e+09 -9.322599152000000444e+00
5.456560000000000000e+09 -9.312188792000000603e+00
5.456640000000000000e+09 -9.306213172999999728e+00
5.456720000000000000e+09 -9.314378979000000669e+00
5.456800000000000000e+09 -9.317348332999999982e+00
5.456880000000000000e+09 -9.320583235000000855e+00
5.456960000000000000e+09 -9.301730894000000305e+00
5.457040000000000000e+09 -9.344244673000000390e+00
5.457120000000000000e+09 -9.336220251000000303e+00
5.457200000000000000e+09 -9.330157663999999684e+00
5.457280000000000000e+09 -9.297401954999999774e+00
5.457360000000000000e+09 -9.355564200999999969e+00
5.457440000000000000e+09 -9.354272068000000218e+00
5.457520000000000000e+09 -9.353733300000000028e+00
5.457600000000000000e+09 -9.321099802999999184e+00
5.457680000000000000e+09 -9.339633414999999772e+00
5.457760000000000000e+09 -9.355496444999999994e+00
5.457840000000000000e+09 -9.367043006999999477e+00
5.457920000000000000e+09 -9.341858778000000640e+00
5.458000000000000000e+09 -9.358094021999999512e+00
5.458080000000000000e+09 -9.348390002000000365e+00
5.458160000000000000e+09 -9.339078368999999213e+00
5.458240000000000000e+09 -9.361074870999999575e+00
5.458320000000000000e+09 -9.348644244000000825e+00
5.458400000000000000e+09 -9.370397970000000853e+00
5.458480000000000000e+09 -9.384424106000000876e+00
5.458560000000000000e+09 -9.351675884000000494e+00
5.458640000000000000e+09 -9.417512646000000487e+00
5.458720000000000000e+09 -9.337563802000000024e+00
5.458800000000000000e+09 -9.370449941000000393e+00
5.458880000000000000e+09 -9.362358202999999435e+00
5.458960000000000000e+09 -9.378431010999999984e+00
5.459040000000000000e+09 -9.344729661000000576e+00
5.459120000000000000e+09 -9.415266301000000837e+00
5.459200000000000000e+09 -9.375368092000000431e+00
5.459280000000000000e+09 -9.373216677000000274e+00
5.459360000000000000e+09 -9.370653090999999435e+00
5.459440000000000000e+09 -9.383196042999999875e+00
5.459520000000000000e+09 -9.385541486999999350e+00
5.459600000000000000e+09 -9.409477811000000358e+00
5.459680000000000000e+09 -9.417223033000000854e+00
5.459760000000000000e+09 -9.408416232000000434e+00
5.459840000000000000e+09 -9.422512432999999632e+00
5.459920000000000000e+09 -9.385522348000000292e+00
5.460000000000000000e+09 -9.386062825999999859e+00
5.460080000000000000e+09 -9.388323615999999205e+00
5.460160000000000000e+09 -9.408419049000000811e+00
5.460240000000000000e+09 -9.391794087999999263e+00
5.460320000000000000e+09 -9.414056480999999366e+00
5.460400000000000000e+09 -9.395314248000000035e+00
5.460480000000000000e+09 -9.411501193999999515e+00
5.460560000000000000e+09 -9.425977350000000143e+00
5.460640000000000000e+09 -9.395598512999999485e+00
5.460720000000000000e+09 -9.403703689000000310e+00
5.460800000000000000e+09 -9.419841622999999942e+00
5.460880000000000000e+09 -9.411244714000000400e+00
5.460960000000000000e+09 -9.432849630999999846e+00
5.461040000000000000e+09 -9.433881571000000577e+00
5.461120000000000000e+09 -9.418716378999999250e+00
5.461200000000000000e+09 -9.415389917000000608e+00
5.461280000000000000e+09 -9.440620946999999319e+00
5.461360000000000000e+09 -9.469056978999999430e+00
5.461440000000000000e+09 -9.456628179999999162e+00
5.461520000000000000e+09 -9.450717022999999273e+00
5.461600000000000000e+09 -9.453342083000000784e+00
5.461680000000000000e+09 -9.424731125999999293e+00
5.461760000000000000e+09 -9.461899018000000439e+00
5.461840000000000000e+09 -9.458141023999999675e+00
5.461920000000000000e+09 -9.459686742000000592e+00
5.462000000000000000e+09 -9.446160601000000767e+00
5.462080000000000000e+09 -9.435949395999999822e+00
5.462160000000000000e+09 -9.440828611000000592e+00
5.462240000000000000e+09 -9.442820775999999583e+00
5.462320000000000000e+09 -9.481334333999999586e+00
5.462400000000000000e+09 -9.452388194999999271e+00
5.462480000000000000e+09 -9.452222069999999476e+00
5.462560000000000000e+09 -9.500036129999999801e+00
5.462640000000000000e+09 -9.467711657000000613e+00
5.462720000000000000e+09 -9.490681693000000863e+00
5.462800000000000000e+09 -9.486287482999999909e+00
5.462880000000000000e+09 -9.469692567999999255e+00
5.462960000000000000e+09 -9.488316390999999683e+00
5.463040000000000000e+09 -9.463025340999999813e+00
5.463120000000000000e+09 -9.495827790999999962e+00
5.463200000000000000e+09 -9.479320494999999624e+00
5.463280000000000000e+09 -9.523042842000000618e+00
5.463360000000000000e+09 -9.487887336000000005e+00
5.463440000000000000e+09 -9.494111962999999932e+00
5.463520000000000000e+09 -9.530951785999999260e+00
5.463600000000000000e+09 -9.491204456000000178e+00
5.463680000000000000e+09 -9.516351528999999587e+00
5.463760000000000000e+09 -9.483790874000000315e+00
5.463840000000000000e+09 -9.513005373000000375e+00
5.463920000000000000e+09 -9.510080201999999261e+00
5.464000000000000000e+09 -9.522138988000000026e+00
5.464080000000000000e+09 -9.514221377000000146e+00
5.464160000000000000e+09 -9.535179438000000118e+00
5.464240000000000000e+09 -9.533866157000000285e+00
5.464320000000000000e+09 -9.525063987999999426e+00
5.464400000000000000e+09 -9.537932951000000159e+00
5.464480000000000000e+09 -9.521088873000000063e+00
5.464560000000000000e+09 -9.563294726000000523e+00
5.464640000000000000e+09 -9.524015930999999213e+00
5.464720000000000000e+09 -9.548725798999999625e+00
5.464800000000000000e+09 -9.546264859000000769e+00
5.464880000000000000e+09 -9.564775218999999495e+00
5.464960000000000000e+09 -9.546611947000000598e+00
5.465040000000000000e+09 -9.568858164999999971e+00
5.465120000000000000e+09 -9.576661599999999552e+00
5.465200000000000000e+09 -9.545149914999999652e+00
5.465280000000000000e+09 -9.565489813999999313e+00
5.465360000000000000e+09 -9.587983131999999742e+00
5.465440000000000000e+09 -9.557243034000000748e+00
5.465520000000000000e+09 -9.578481689000000188e+00
5.465600000000000000e+09 -9.599929010000000318e+00
5.465680000000000000e+09 -9.604395731000000325e+00
5.465760000000000000e+09 -9.606097360999999779e+00
5.465840000000000000e+09 -9.586189740000000015e+00
5.465920000000000000e+09 -9.585505312000000444e+00
5.466000000000000000e+09 -9.563443148999999366e+00
5.466080000000000000e+09 -9.597513213999999238e+00
5.466160000000000000e+09 -9.605048191999999929e+00
5.466240000000000000e+09 -9.589344605000000854e+00
5.466320000000000000e+09 -9.629906433000000376e+00
5.466400000000000000e+09 -9.631113743000000227e+00
5.466480000000000000e+09 -9.643552200000000241e+00
5.466560000000000000e+09 -9.618319278999999611e+00
5.466640000000000000e+09 -9.625424801999999502e+00
5.466720000000000000e+09 -9.641952184000000869e+00
5.466800000000000000e+09 -9.651578980000000030e+00
5.466880000000000000e+09 -9.654958497999999167e+00
5.466960000000000000e+09 -9.641265757999999408e+00
5.467040000000000000e+09 -9.647418143999999529e+00
5.467120000000000000e+09 -9.654512346000000633e+00
5.467200000000000000e+09 -9.664455917999999812e+00
5.467280000000000000e+09 -9.648710073000000165e+00
5.467360000000000000e+09 -9.680071189999999604e+00
5.467440000000000000e+09 -9.660531904000000836e+00
5.467520000000000000e+09 -9.692953339000000668e+00
5.467600000000000000e+09 -9.700139611999999190e+00
5.467680000000000000e+09 -9.683984246999999712e+00
5.467760000000000000e+09 -9.707033366999999302e+00
5.467840000000000000e+09 -9.707582208999999906e+00
5.467920000000000000e+09 -9.702430392000000126e+00
5.468000000000000000e+09 -9.722659460999999226e+00
5.468080000000000000e+09 -9.733229680999999189e+00
5.468160000000000000e+09 -9.696096265999999630e+00
5.468240000000000000e+09 -9.716833702000000628e+00
5.468320000000000000e+09 -9.732838155999999685e+00
5.468400000000000000e+09 -9.755386816999999766e+00
5.468480000000000000e+09 -9.732820272999999744e+00
5.468560000000000000e+09 -9.734188506000000629e+00
5.468640000000000000e+09 -9.751476551999999742e+00
5.468720000000000000e+09 -9.752498118000000105e+00
5.468800000000000000e+09 -9.755195297000000210e+00
5.468880000000000000e+09 -9.788549374000000469e+00
5.468960000000000000e+09 -9.788930011999999792e+00
5.469040000000000000e+09 -9.798134762000000109e+00
5.469120000000000000e+09 -9.774358600999999425e+00
5.469200000000000000e+09 -9.814034004999999894e+00
5.469280000000000000e+09 -9.827431168000000383e+00
5.469360000000000000e+09 -9.838295156999999236e+00
5.469440000000000000e+09 -9.823034104999999627e+00
5.469520000000000000e+09 -9.849040257000000409e+00
5.469600000000000000e+09 -9.843669974999999184e+00
5.469680000000000000e+09 -9.847174224999999836e+00
5.469760000000000000e+09 -9.845004034000000459e+00
5.469840000000000000e+09 -9.842074084000000056e+00
5.469920000000000000e+09 -9.884991322999999497e+00
5.470000000000000000e+09 -9.880117522000000818e+00
5.470080000000000000e+09 -9.880767941000000221e+00
5.470160000000000000e+09 -9.885927209000000104e+00
5.470240000000000000e+09 -9.898777073999999843e+00
5.470320000000000000e+09 -9.913712075999999485e+00
5.470400000000000000e+09 -9.898229710000000736e+00
5.470480000000000000e+09 -9.935477884999999176e+00
5.470560000000000000e+09 -9.936408103999999852e+00
5.470640000000000000e+09 -9.939989455999999279e+00
5.470720000000000000e+09 -9.971462684000000465e+00
5.470800000000000000e+09 -9.947457182000000842e+00
5.470880000000000000e+09 -9.961846325999999863e+00
5.470960000000000000e+09 -9.969517477000000127e+00
5.471040000000000000e+09 -9.978094002000000629e+00
5.471120000000000000e+09 -1.000453860000000006e+01
5.471200000000000000e+09 -9.995675401999999821e+00
5.471280000000000000e+09 -9.986526282999999893e+00
5.471360000000000000e+09 -1.002757957999999938e+01
5.471440000000000000e+09 -1.003871054999999934e+01
5.471520000000000000e+09 -1.005397991000000069e+01
5.471600000000000000e+09 -1.006116412999999987e+01
5.471680000000000000e+09 -1.006207361000000056e+01
5.471760000000000000e+09 -1.012767617000000087e+01
5.471840000000000000e+09 -1.012688200000000016e+01
5.471920000000000000e+09 -1.011196793000000049e+01
5.472000000000000000e+09 -1.008957013999999930e+01
5.472080000000000000e+09 -1.013129357000000041e+01
5.472160000000000000e+09 -1.017582151999999951e+01
5.472240000000000000e+09 -1.016564080999999931e+01
5.472320000000000000e+09 -1.019132643999999921e+01
5.472400000000000000e+09 -1.018256760000000050e+01
5.472480000000000000e+09 -1.019097660000000083e+01
5.472560000000000000e+09 -1.020027302999999996e+01
5.472640000000000000e+09 -1.020939088999999989e+01
5.472720000000000000e+09 -1.024360504000000027e+01
5.472800000000000000e+09 -1.027813403999999942e+01
5.472880000000000000e+09 -1.028640455000000031e+01
5.472960000000000000e+09 -1.029845788999999989e+01
5.473040000000000000e+09 -1.034027322999999932e+01
5.473120000000000000e+09 -1.035363152999999947e+01
5.473200000000000000e+09 -1.036018673000000057e+01
5.473280000000000000e+09 -1.043070578000000026e+01
5.473360000000000000e+09 -1.042263894000000057e+01
5.473440000000000000e+09 -1.042827881000000012e+01
5.473520000000000000e+09 -1.044407673000000081e+01
5.473600000000000000e+09 -1.048326628000000049e+01
5.473680000000000000e+09 -1.050045633000000045e+01
5.473760000000000000e+09 -1.053680781999999994e+01
5.473840000000000000e+09 -1.055048135999999914e+01
5.473920000000000000e+09 -1.057692959999999971e+01
5.474000000000000000e+09 -1.060993380999999935e+01
5.474080000000000000e+09 -1.063265997000000063e+01
5.474160000000000000e+09 -1.065778373000000023e+01
5.474240000000000000e+09 -1.066577565999999955e+01
5.474320000000000000e+09 -1.071096552999999929e+01
5.474400000000000000e+09 -1.075118804000000061e+01
5.474480000000000000e+09 -1.077033474999999996e+01
5.474560000000000000e+09 -1.082013234000000068e+01
5.474640000000000000e+09 -1.078725340999999993e+01
5.474720000000000000e+09 -1.086184899000000037e+01
5.474800000000000000e+09 -1.093354781000000031e+01
5.474880000000000000e+09 -1.098446453999999939e+01
5.474960000000000000e+09 -1.098946985999999981e+01
5.475040000000000000e+09 -1.101453622000000010e+01
5.475120000000000000e+09 -1.107801163000000066e+01
5.475200000000000000e+09 -1.113128297000000089e+01
5.475280000000000000e+09 -1.121482903999999969e+01
5.475360000000000000e+09 -1.123692145999999958e+01
5.475440000000000000e+09 -1.128932247999999916e+01
5.475520000000000000e+09 -1.135085282999999912e+01
5.475600000000000000e+09 -1.138291474000000036e+01
5.475680000000000000e+09 -1.146461421999999963e+01
5.475760000000000000e+09 -1.153461474999999936e+01
5.475840000000000000e+09 -1.156103129999999979e+01
5.475920000000000000e+09 -1.160654270000000032e+01
5.476000000000000000e+09 -1.170435024000000013e+01
5.476080000000000000e+09 -1.177689703999999971e+01
5.476160000000000000e+09 -1.181656412999999972e+01
5.476240000000000000e+09 -1.187057521000000015e+01
5.476320000000000000e+09 -1.193645167999999934e+01
5.476400000000000000e+09 -1.204628506999999971e+01
5.476480000000000000e+09 -1.210239102999999972e+01
5.476560000000000000e+09 -1.218314988000000021e+01
5.476640000000000000e+09 -1.222967461000000000e+01
5.476720000000000000e+09 -1.232817498000000001e+01
5.476800000000000000e+09 -1.240145893000000044e+01
5.476880000000000000e+09 -1.250582222000000066e+01
5.476960000000000000e+09 -1.258701948999999942e+01
5.477040000000000000e+09 -1.266610528000000002e+01
5.477120000000000000e+09 -1.275586917999999947e+01
5.477200000000000000e+09 -1.282676157999999944e+01
5.477280000000000000e+09 -1.286699527999999937e+01
5.477360000000000000e+09 -1.296973000000000020e+01
5.477440000000000000e+09 -1.309621901999999949e+01
5.477520000000000000e+09 -1.311976675000000014e+01
5.477600000000000000e+09 -1.315968355999999950e+01
5.477680000000000000e+09 -1.321070079999999969e+01
5.477760000000000000e+09 -1.328851270000000007e+01
5.477840000000000000e+09 -1.332645401000000085e+01
5.477920000000000000e+09 -1.335117602999999953e+01
5.478000000000000000e+09 -1.343206224000000049e+01
5.478080000000000000e+09 -1.341267365999999939e+01
5.478160000000000000e+09 -1.344452783000000018e+01
5.478240000000000000e+09 -1.339592221999999921e+01
5.478320000000000000e+09 -1.337657613999999917e+01
5.478400000000000000e+09 -1.336421211999999947e+01
5.478480000000000000e+09 -1.334102833000000032e+01
5.478560000000000000e+09 -1.330810008000000089e+01
5.478640000000000000e+09 -1.317682978000000027e+01
5.478720000000000000e+09 -1.313039561999999982e+01
5.478800000000000000e+09 -1.305140504999999962e+01
5.478880000000000000e+09 -1.290455412000000024e+01
5.478960000000000000e+09 -1.282275886000000042e+01
5.479040000000000000e+09 -1.272057459000000001e+01
5.479120000000000000e+09 -1.265081638999999925e+01
5.479200000000000000e+09 -1.257471641000000062e+01
5.479280000000000000e+09 -1.239175584000000008e+01
5.479360000000000000e+09 -1.229980935999999936e+01
5.479440000000000000e+09 -1.220410897000000006e+01
5.479520000000000000e+09 -1.200335034000000078e+01
5.479600000000000000e+09 -1.190588656000000078e+01
5.479680000000000000e+09 -1.177283882000000048e+01
5.479760000000000000e+09 -1.163263947999999992e+01
5.479840000000000000e+09 -1.159619327000000055e+01
5.479920000000000000e+09 -1.144459548000000026e+01
5.480000000000000000e+09 -1.137131675999999914e+01
5.480080000000000000e+09 -1.126370771000000026e+01
5.480160000000000000e+09 -1.113382900000000042e+01
5.480240000000000000e+09 -1.108021474000000062e+01
5.480320000000000000e+09 -1.098067819000000078e+01
5.480400000000000000e+09 -1.090946201000000038e+01
5.480480000000000000e+09 -1.079537849999999999e+01
5.480560000000000000e+09 -1.074223676000000083e+01
5.480640000000000000e+09 -1.063338040000000007e+01
5.480720000000000000e+09 -1.052157363999999973e+01
5.480800000000000000e+09 -1.052042108999999925e+01
5.480880000000000000e+09 -1.041105592000000080e+01
5.480960000000000000e+09 -1.033202522000000023e+01
5.481040000000000000e+09 -1.031157703000000048e+01
5.481120000000000000e+09 -1.023347571999999950e+01
5.481200000000000000e+09 -1.019297788999999987e+01
5.481280000000000000e+09 -1.014176271999999912e+01
5.481360000000000000e+09 -1.008158313999999933e+01
5.481440000000000000e+09 -1.003633012999999963e+01
5.481520000000000000e+09 -9.990245226000000756e+00
5.481600000000000000e+09 -9.972568888999999714e+00
5.481680000000000000e+09 -9.945440676000000479e+00
5.481760000000000000e+09 -9.921742685999999978e+00
5.481840000000000000e+09 -9.855553444999999968e+00
5.481920000000000000e+09 -9.828281725000000080e+00
5.482000000000000000e+09 -9.779927131999999190e+00
5.482080000000000000e+09 -9.772202730000000059e+00
5.482160000000000000e+09 -9.725783549999999167e+00
5.482240000000000000e+09 -9.712446636999999328e+00
5.482320000000000000e+09 -9.674512245000000732e+00
5.482400000000000000e+09 -9.679376895000000758e+00
5.482480000000000000e+09 -9.623128829000000550e+00
5.482560000000000000e+09 -9.625212198999999913e+00
5.482640000000000000e+09 -9.620334054000000634e+00
5.482720000000000000e+09 -9.585994860999999645e+00
5.482800000000000000e+09 -9.567076601000000124e+00
5.482880000000000000e+09 -9.547236642999999745e+00
5.482960000000000000e+09 -9.531997154000000805e+00
5.483040000000000000e+09 -9.499745585999999520e+00
5.483120000000000000e+09 -9.502671147999999235e+00
5.483200000000000000e+09 -9.483662719999999879e+00
5.483280000000000000e+09 -9.445295436000000322e+00
5.483360000000000000e+09 -9.481441845000000868e+00
5.483440000000000000e+09 -9.464034747999999553e+00
5.483520000000000000e+09 -9.419115740000000514e+00
5.483600000000000000e+09 -9.434006414000000618e+00
5.483680000000000000e+09 -9.454408321000000726e+00
5.483760000000000000e+09 -9.398739341000000636e+00
5.483840000000000000e+09 -9.392367761999999232e+00
5.483920000000000000e+09 -9.381639320999999754e+00
5.484000000000000000e+09 -9.366317834000000175e+00
5.484080000000000000e+09 -9.346694371999999973e+00
5.484160000000000000e+09 -9.366185635000000786e+00
5.484240000000000000e+09 -9.366053706000000645e+00
5.484320000000000000e+09 -9.351344690999999543e+00
5.484400000000000000e+09 -9.322324074000000849e+00
5.484480000000000000e+09 -9.305720380000000347e+00
5.484560000000000000e+09 -9.337162073000000007e+00
5.484640000000000000e+09 -9.337414577000000548e+00
5.484720000000000000e+09 -9.321798626999999726e+00
5.484800000000000000e+09 -9.331067738999999861e+00
5.484880000000000000e+09 -9.323010220000000459e+00
5.484960000000000000e+09 -9.287406627999999387e+00
5.485040000000000000e+09 -9.286117819999999412e+00
5.485120000000000000e+09 -9.307049384999999120e+00
5.485200000000000000e+09 -9.311020492000000814e+00
5.485280000000000000e+09 -9.299842619999999727e+00
5.485360000000000000e+09 -9.295036233999999453e+00
5.485440000000000000e+09 -9.277735255999999708e+00
5.485520000000000000e+09 -9.285744640000000771e+00
5.485600000000000000e+09 -9.280511076999999887e+00
5.485680000000000000e+09 -9.251315161000000842e+00
5.485760000000000000e+09 -9.247438164000000071e+00
5.485840000000000000e+09 -9.263545547999999741e+00
5.485920000000000000e+09 -9.272794216999999506e+00
5.486000000000000000e+09 -9.269457471000000837e+00
5.486080000000000000e+09 -9.251461210000000435e+00
5.486160000000000000e+09 -9.256704006999999734e+00
5.486240000000000000e+09 -9.257318877999999529e+00
5.486320000000000000e+09 -9.273270937999999575e+00
5.486400000000000000e+09 -9.206644338000000261e+00
5.486480000000000000e+09 -9.224199756000000860e+00
5.486560000000000000e+09 -9.202273154000000233e+00
5.486640000000000000e+09 -9.244272033999999749e+00
5.486720000000000000e+09 -9.237832326999999566e+00
5.486800000000000000e+09 -9.237756455999999616e+00
5.486880000000000000e+09 -9.221075059000000351e+00
5.486960000000000000e+09 -9.254761725999999911e+00
5.487040000000000000e+09 -9.224557906999999446e+00
5.487120000000000000e+09 -9.265865252999999413e+00
5.487200000000000000e+09 -9.245550928000000113e+00
5.487280000000000000e+09 -9.268325769000000491e+00
5.487360000000000000e+09 -9.232939529999999451e+00
5.487440000000000000e+09 -9.251090027000000049e+00
5.487520000000000000e+09 -9.231934572000000117e+00
5.487600000000000000e+09 -9.217044890000000379e+00
5.487680000000000000e+09 -9.222127535000000265e+00
5.487760000000000000e+09 -9.217386426999999216e+00
5.487840000000000000e+09 -9.223007883999999379e+00
5.487920000000000000e+09 -9.215049661000000114e+00
5.488000000000000000e+09 -9.224199342000000357e+00
5.488080000000000000e+09 -9.221058488000000608e+00
5.488160000000000000e+09 -9.197181932999999532e+00
5.488240000000000000e+09 -9.212049576000000073e+00
5.488320000000000000e+09 -9.231181540999999768e+00
5.488400000000000000e+09 -9.243254171000000241e+00
5.488480000000000000e+09 -9.205253771000000640e+00
5.488560000000000000e+09 -9.236079166999999757e+00
5.488640000000000000e+09 -9.218329355999999919e+00
5.488720000000000000e+09 -9.220606396000000871e+00
5.488800000000000000e+09 -9.198423547999999172e+00
5.488880000000000000e+09 -9.259068895000000410e+00
5.488960000000000000e+09 -9.202642067999999398e+00
5.489040000000000000e+09 -9.224439551999999765e+00
5.489120000000000000e+09 -9.222014271000000818e+00
5.489200000000000000e+09 -9.194480926000000665e+00
5.489280000000000000e+09 -9.198814964000000316e+00
5.489360000000000000e+09 -9.215698219000000080e+00
5.489440000000000000e+09 -9.212787718999999598e+00
5.489520000000000000e+09 -9.208122804000000272e+00
5.489600000000000000e+09 -9.228655870000000760e+00
5.489680000000000000e+09 -9.188283741999999421e+00
5.489760000000000000e+09 -9.236746785999999432e+00
5.489840000000000000e+09 -9.192574675999999556e+00
5.489920000000000000e+09 -9.212696670999999782e+00
5.490000000000000000e+09 -9.250188281999999873e+00
5.490080000000000000e+09 -9.219839012999999639e+00
5.490160000000000000e+09 -9.176872863999999907e+00
5.490240000000000000e+09 -9.228399436000000122e+00
5.490320000000000000e+09 -9.201462060000000776e+00
5.490400000000000000e+09 -9.213494835000000549e+00
5.490480000000000000e+09 -9.183673521999999423e+00
5.490560000000000000e+09 -9.207948565000000585e+00
5.490640000000000000e+09 -9.188834952000000555e+00
5.490720000000000000e+09 -9.198548082000000292e+00
5.490800000000000000e+09 -9.203356036000000628e+00
5.490880000000000000e+09 -9.193971038000000817e+00
5.490960000000000000e+09 -9.229008028999999169e+00
5.491040000000000000e+09 -9.246525422999999577e+00
5.491120000000000000e+09 -9.225767003999999716e+00
5.491200000000000000e+09 -9.215952382999999415e+00
5.491280000000000000e+09 -9.232842310000000552e+00
5.491360000000000000e+09 -9.187507883000000319e+00
5.491440000000000000e+09 -9.259389304000000820e+00
5.491520000000000000e+09 -9.215096851000000200e+00
5.491600000000000000e+09 -9.222582813000000712e+00
5.491680000000000000e+09 -9.209002961999999570e+00
5.491760000000000000e+09 -9.211145113000000606e+00
5.491840000000000000e+09 -9.199886356000000376e+00
5.491920000000000000e+09 -9.219796782999999607e+00
5.492000000000000000e+09 -9.211251960000000238e+00
5.492080000000000000e+09 -9.214920981000000566e+00
5.492160000000000000e+09 -9.201269140999999152e+00
5.492240000000000000e+09 -9.232205864999999179e+00
5.492320000000000000e+09 -9.223974644000000112e+00
5.492400000000000000e+09 -9.230790425000000354e+00
5.492480000000000000e+09 -9.214913093999999916e+00
5.492560000000000000e+09 -9.216542124000000058e+00
5.492640000000000000e+09 -9.211552592000000317e+00
5.492720000000000000e+09 -9.214459907000000172e+00
5.492800000000000000e+09 -9.224855468999999530e+00
5.492880000000000000e+09 -9.225532471999999373e+00
5.492960000000000000e+09 -9.225259489000000812e+00
5.493040000000000000e+09 -9.233299938000000040e+00
5.493120000000000000e+09 -9.226724840999999344e+00
5.493200000000000000e+09 -9.199159907000000302e+00
5.493280000000000000e+09 -9.229946963999999809e+00
5.493360000000000000e+09 -9.216995881000000779e+00
5.493440000000000000e+09 -9.227252678999999347e+00
5.493520000000000000e+09 -9.222431063000000151e+00
5.493600000000000000e+09 -9.226744268999999221e+00
5.493680000000000000e+09 -9.227852990000000588e+00
5.493760000000000000e+09 -9.252600269000000210e+00
5.493840000000000000e+09 -9.221325089000000474e+00
5.493920000000000000e+09 -9.259582547999999136e+00
5.494000000000000000e+09 -9.230682800000000299e+00
5.494080000000000000e+09 -9.266722070000000144e+00
5.494160000000000000e+09 -9.206775580000000403e+00
5.494240000000000000e+09 -9.237449937999999250e+00
5.494320000000000000e+09 -9.241531476000000467e+00
5.494400000000000000e+09 -9.260605025000000268e+00
5.494480000000000000e+09 -9.232767948999999419e+00
5.494560000000000000e+09 -9.260333923999999328e+00
5.494640000000000000e+09 -9.204360508000000607e+00
5.494720000000000000e+09 -9.229402736999999135e+00
5.494800000000000000e+09 -9.236839297999999587e+00
5.494880000000000000e+09 -9.220839256999999733e+00
5.494960000000000000e+09 -9.257149374999999125e+00
5.495040000000000000e+09 -9.207706196000000176e+00
5.495120000000000000e+09 -9.224300767000000789e+00
5.495200000000000000e+09 -9.234607858000000391e+00
5.495280000000000000e+09 -9.255134689000000137e+00
5.495360000000000000e+09 -9.231912862999999803e+00
5.495440000000000000e+09 -9.252924504999999300e+00
5.495520000000000000e+09 -9.242378284000000832e+00
5.495600000000000000e+09 -9.244094174000000663e+00
5.495680000000000000e+09 -9.253730200999999767e+00
5.495760000000000000e+09 -9.247286510000000348e+00
5.495840000000000000e+09 -9.242747150999999661e+00
5.495920000000000000e+09 -9.248702660999999381e+00
5.496000000000000000e+09 -9.279356521000000413e+00
5.496080000000000000e+09 -9.264651214000000579e+00
5.496160000000000000e+09 -9.273826980999999137e+00
5.496240000000000000e+09 -9.235807494999999534e+00
5.496320000000000000e+09 -9.275278436000000681e+00
5.496400000000000000e+09 -9.259432568999999447e+00
5.496480000000000000e+09 -9.278975535000000718e+00
5.496560000000000000e+09 -9.263850746999999330e+00
5.496640000000000000e+09 -9.268512763000000376e+00
5.496720000000000000e+09 -9.264314805999999791e+00
5.496800000000000000e+09 -9.245314731000000563e+00
5.496880000000000000e+09 -9.242769498999999556e+00
5.496960000000000000e+09 -9.241498807999999343e+00
5.497040000000000000e+09 -9.262329873000000546e+00
5.497120000000000000e+09 -9.257142479000000534e+00
5.497200000000000000e+09 -9.253395621999999321e+00
5.497280000000000000e+09 -9.281949537999999222e+00
5.497360000000000000e+09 -9.266447351000000054e+00
5.497440000000000000e+09 -9.263414944999999179e+00
5.497520000000000000e+09 -9.255909477999999524e+00
5.497600000000000000e+09 -9.281362289000000487e+00
5.497680000000000000e+09 -9.271718464999999298e+00
5.497760000000000000e+09 -9.282434996999999299e+00
5.497840000000000000e+09 -9.281386069999999933e+00
5.497920000000000000e+09 -9.257045185000000842e+00
5.498000000000000000e+09 -9.301682894000000701e+00
5.498080000000000000e+09 -9.273387760000000313e+00
5.498160000000000000e+09 -9.269992752000000280e+00
5.498240000000000000e+09 -9.274558901000000688e+00
5.498320000000000000e+09 -9.284743972999999428e+00
5.498400000000000000e+09 -9.261675264000000851e+00
5.498480000000000000e+09 -9.288459987999999612e+00
5.498560000000000000e+09 -9.301495559999999330e+00
5.498640000000000000e+09 -9.287581556999999322e+00
5.498720000000000000e+09 -9.289531751000000170e+00
5.498800000000000000e+09 -9.289309116000000088e+00
5.498880000000000000e+09 -9.263303724000000017e+00
5.498960000000000000e+09 -9.293281157999999209e+00
5.499040000000000000e+09 -9.282653263000000265e+00
5.499120000000000000e+09 -9.248758122999999998e+00
5.499200000000000000e+09 -9.314885416999999279e+00
5.499280000000000000e+09 -9.301889687999999268e+00
5.499360000000000000e+09 -9.299470069999999922e+00
5.499440000000000000e+09 -9.304141138000000311e+00
5.499520000000000000e+09 -9.302171290000000425e+00
5.499600000000000000e+09 -9.282234516999999130e+00
5.499680000000000000e+09 -9.313742987999999556e+00
5.499760000000000000e+09 -9.277971304999999447e+00
5.499840000000000000e+09 -9.272025381000000621e+00
5.499920000000000000e+09 -9.330276571000000629e+00
5.500000000000000000e+09 -9.297533107999999658e+00
5.500080000000000000e+09 -9.300490324000000086e+00
5.500160000000000000e+09 -9.321630269999999996e+00
5.500240000000000000e+09 -9.312424346000000241e+00
5.500320000000000000e+09 -9.291073537000000826e+00
5.500400000000000000e+09 -9.319737453000000116e+00
5.500480000000000000e+09 -9.316397716999999190e+00
5.500560000000000000e+09 -9.305378891000000152e+00
5.500640000000000000e+09 -9.289255509000000188e+00
5.500720000000000000e+09 -9.310345896999999482e+00
5.500800000000000000e+09 -9.308106722999999860e+00
5.500880000000000000e+09 -9.297939111999999895e+00
5.500960000000000000e+09 -9.320182760999999871e+00
5.501040000000000000e+09 -9.294092144000000388e+00
5.501120000000000000e+09 -9.321063975999999585e+00
5.501200000000000000e+09 -9.305505858000000075e+00
5.501280000000000000e+09 -9.311756138999999877e+00
5.501360000000000000e+09 -9.296356999000000343e+00
5.501440000000000000e+09 -9.310143433000000357e+00
5.501520000000000000e+09 -9.334809404999999671e+00
5.501600000000000000e+09 -9.338254185000000263e+00
5.501680000000000000e+09 -9.320671389999999334e+00
5.501760000000000000e+09 -9.318398763999999446e+00
5.501840000000000000e+09 -9.359267614000000179e+00
5.501920000000000000e+09 -9.333768409999999349e+00
5.502000000000000000e+09 -9.309250497000000735e+00
5.502080000000000000e+09 -9.355366075999999254e+00
5.502160000000000000e+09 -9.321658753999999547e+00
5.502240000000000000e+09 -9.317067857999999703e+00
5.502320000000000000e+09 -9.364887294000000750e+00
5.502400000000000000e+09 -9.329495100000000818e+00
5.502480000000000000e+09 -9.337692988000000582e+00
5.502560000000000000e+09 -9.312189727999999889e+00
5.502640000000000000e+09 -9.318097334000000842e+00
5.502720000000000000e+09 -9.348780644999999723e+00
5.502800000000000000e+09 -9.330779441000000674e+00
5.502880000000000000e+09 -9.330520975000000661e+00
5.502960000000000000e+09 -9.353206528999999492e+00
5.503040000000000000e+09 -9.334538587000000831e+00
5.503120000000000000e+09 -9.365520478000000537e+00
5.503200000000000000e+09 -9.352184008000000048e+00
5.503280000000000000e+09 -9.339040240999999298e+00
5.503360000000000000e+09 -9.363317104000000057e+00
5.503440000000000000e+09 -9.345994340000000733e+00
5.503520000000000000e+09 -9.360181066000000882e+00
5.503600000000000000e+09 -9.374535871000000853e+00
5.503680000000000000e+09 -9.322817247999999779e+00
5.503760000000000000e+09 -9.342432601000000503e+00
5.503840000000000000e+09 -9.374411802999999210e+00
5.503920000000000000e+09 -9.370022567999999552e+00
5.504000000000000000e+09 -9.358207988000000199e+00
5.504080000000000000e+09 -9.360710685000000808e+00
5.504160000000000000e+09 -9.363493496000000249e+00
5.504240000000000000e+09 -9.361262071000000518e+00
5.504320000000000000e+09 -9.376990048999999772e+00
5.504400000000000000e+09 -9.348140759999999716e+00
5.504480000000000000e+09 -9.366768364000000346e+00
5.504560000000000000e+09 -9.341960758999999115e+00
5.504640000000000000e+09 -9.355031920000000056e+00
5.504720000000000000e+09 -9.346061687000000617e+00
5.504800000000000000e+09 -9.365427470000000199e+00
5.504880000000000000e+09 -9.365298656000000221e+00
5.504960000000000000e+09 -9.363661120999999810e+00
5.505040000000000000e+09 -9.367046652000000861e+00
5.505120000000000000e+09 -9.377864481999999668e+00
5.505200000000000000e+09 -9.363009675000000698e+00
5.505280000000000000e+09 -9.375847734000000600e+00
5.505360000000000000e+09 -9.344844436000000698e+00
5.505440000000000000e+09 -9.392699845999999297e+00
5.505520000000000000e+09 -9.365205967999999714e+00
5.505600000000000000e+09 -9.411806381999999971e+00
5.505680000000000000e+09 -9.388352333000000272e+00
5.505760000000000000e+09 -9.382033670000000214e+00
5.505840000000000000e+09 -9.352238846000000549e+00
5.505920000000000000e+09 -9.393961064999999167e+00
5.506000000000000000e+09 -9.366444161000000435e+00
5.506080000000000000e+09 -9.401600018999999975e+00
5.506160000000000000e+09 -9.358387035999999881e+00
5.506240000000000000e+09 -9.394492323999999783e+00
5.506320000000000000e+09 -9.383559985999999853e+00
5.506400000000000000e+09 -9.413973824999999351e+00
5.506480000000000000e+09 -9.410963001000000716e+00
5.506560000000000000e+09 -9.391032085000000862e+00
5.506640000000000000e+09 -9.402265432000000089e+00
5.506720000000000000e+09 -9.405316238999999356e+00
5.506800000000000000e+09 -9.400114929000000785e+00
5.506880000000000000e+09 -9.394251168000000263e+00
5.506960000000000000e+09 -9.422609440000000447e+00
5.507040000000000000e+09 -9.385347620999999307e+00
5.507120000000000000e+09 -9.415336514999999906e+00
5.507200000000000000e+09 -9.389405474000000140e+00
5.507280000000000000e+09 -9.377023712999999816e+00
5.507360000000000000e+09 -9.421795992999999925e+00
5.507440000000000000e+09 -9.405700746000000834e+00
5.507520000000000000e+09 -9.393154797999999417e+00
5.507600000000000000e+09 -9.399647556999999765e+00
5.507680000000000000e+09 -9.422514760000000322e+00
5.507760000000000000e+09 -9.392619432000000046e+00
5.507840000000000000e+09 -9.408223690999999889e+00
5.507920000000000000e+09 -9.422146876999999421e+00
5.508000000000000000e+09 -9.379149823000000552e+00
5.508080000000000000e+09 -9.396074327999999198e+00
5.508160000000000000e+09 -9.393680339999999518e+00
5.508240000000000000e+09 -9.403733884999999404e+00
5.508320000000000000e+09 -9.410173826999999491e+00
5.508400000000000000e+09 -9.388259314000000799e+00
5.508480000000000000e+09 -9.384342996999999187e+00
5.508560000000000000e+09 -9.396220101999999130e+00
5.508640000000000000e+09 -9.428490480000000673e+00
5.508720000000000000e+09 -9.425119520000000861e+00
5.508800000000000000e+09 -9.402717429000000848e+00
5.508880000000000000e+09 -9.434007393999999991e+00
5.508960000000000000e+09 -9.402069848000000007e+00
5.509040000000000000e+09 -9.395985431999999804e+00
5.509120000000000000e+09 -9.441409960999999740e+00
5.509200000000000000e+09 -9.406970568000000199e+00
5.509280000000000000e+09 -9.392516731000000618e+00
5.509360000000000000e+09 -9.404562839000000452e+00
5.509440000000000000e+09 -9.446579385999999801e+00
5.509520000000000000e+09 -9.409493324999999686e+00
5.509600000000000000e+09 -9.434889743999999467e+00
5.509680000000000000e+09 -9.425866891000000081e+00
5.509760000000000000e+09 -9.436169214999999610e+00
5.509840000000000000e+09 -9.408190942999999251e+00
5.509920000000000000e+09 -9.424678543000000630e+00
5.510000000000000000e+09 -9.423811102000000162e+00
5.510080000000000000e+09 -9.430146912999999742e+00
5.510160000000000000e+09 -9.440779931999999874e+00
5.510240000000000000e+09 -9.443066248999999246e+00
5.510320000000000000e+09 -9.452583649999999338e+00
5.510400000000000000e+09 -9.417041122000000541e+00
5.510480000000000000e+09 -9.433373419000000482e+00
5.510560000000000000e+09 -9.448825276999999190e+00
5.510640000000000000e+09 -9.451539968000000513e+00
5.510720000000000000e+09 -9.407813924999999244e+00
5.510800000000000000e+09 -9.441590790999999427e+00
5.510880000000000000e+09 -9.394425630000000638e+00
5.510960000000000000e+09 -9.435939713999999867e+00
5.511040000000000000e+09 -9.413925703000000311e+00
5.511120000000000000e+09 -9.436246387000000624e+00
5.511200000000000000e+09 -9.447073945999999722e+00
5.511280000000000000e+09 -9.419954552000000092e+00
5.511360000000000000e+09 -9.415018552999999457e+00
5.511440000000000000e+09 -9.420194657999999777e+00
5.511520000000000000e+09 -9.429049421000000208e+00
5.511600000000000000e+09 -9.405356337000000622e+00
5.511680000000000000e+09 -9.425379467000000844e+00
5.511760000000000000e+09 -9.441574420000000245e+00
5.511840000000000000e+09 -9.434660232000000590e+00
5.511920000000000000e+09 -9.400792475999999454e+00
5.512000000000000000e+09 -9.438326864000000427e+00
5.512080000000000000e+09 -9.414320317999999688e+00
5.512160000000000000e+09 -9.447925959000000873e+00
5.512240000000000000e+09 -9.442968024000000682e+00
5.512320000000000000e+09 -9.443614345000000299e+00
5.512400000000000000e+09 -9.448128145000000089e+00
5.512480000000000000e+09 -9.415101796000000078e+00
5.512560000000000000e+09 -9.428562398000000400e+00
5.512640000000000000e+09 -9.408231589999999755e+00
5.512720000000000000e+09 -9.447791396999999591e+00
5.512800000000000000e+09 -9.418940795999999338e+00
5.512880000000000000e+09 -9.422698538000000568e+00
5.512960000000000000e+09 -9.417928393000000398e+00
5.513040000000000000e+09 -9.425145879000000448e+00
5.513120000000000000e+09 -9.407658036000000834e+00
5.513200000000000000e+09 -9.435930645999999200e+00
5.513280000000000000e+09 -9.406582394000000846e+00
5.513360000000000000e+09 -9.448632424999999557e+00
5.513440000000000000e+09 -9.394525163999999151e+00
5.513520000000000000e+09 -9.429779998000000774e+00
5.513600000000000000e+09 -9.421335474999999349e+00
5.513680000000000000e+09 -9.437978040000000846e+00
5.513760000000000000e+09 -9.460698762999999900e+00
5.513840000000000000e+09 -9.426306027000000753e+00
5.513920000000000000e+09 -9.428296383999999364e+00
5.514000000000000000e+09 -9.407848552999999114e+00
5.514080000000000000e+09 -9.449674614999999278e+00
5.514160000000000000e+09 -9.444755280000000752e+00
5.514240000000000000e+09 -9.450006903000000236e+00
5.514320000000000000e+09 -9.462571004000000841e+00
5.514400000000000000e+09 -9.444146160000000734e+00
5.514480000000000000e+09 -9.460118466999999143e+00
5.514560000000000000e+09 -9.438433849000000819e+00
5.514640000000000000e+09 -9.438040422000000262e+00
5.514720000000000000e+09 -9.443077412999999254e+00
5.514800000000000000e+09 -9.441352200000000749e+00
5.514880000000000000e+09 -9.427355368000000624e+00
5.514960000000000000e+09 -9.460956509000000736e+00
5.515040000000000000e+09 -9.447795328999999853e+00
5.515120000000000000e+09 -9.421481274999999656e+00
5.515200000000000000e+09 -9.439097799000000677e+00
5.515280000000000000e+09 -9.433378656000000362e+00
5.515360000000000000e+09 -9.422265613000000428e+00
5.515440000000000000e+09 -9.454913369999999873e+00
5.515520000000000000e+09 -9.451153965999999684e+00
5.515600000000000000e+09 -9.424836172999999206e+00
5.515680000000000000e+09 -9.419993019999999717e+00
5.515760000000000000e+09 -9.430716728000000160e+00
5.515840000000000000e+09 -9.416886043999999956e+00
5.515920000000000000e+09 -9.422865934000000721e+00
5.516000000000000000e+09 -9.444591270000000094e+00
5.516080000000000000e+09 -9.425821088999999375e+00
5.516160000000000000e+09 -9.449839937000000134e+00
5.516240000000000000e+09 -9.424071872000000738e+00
5.516320000000000000e+09 -9.465001708999999153e+00
5.516400000000000000e+09 -9.425013537999999969e+00
5.516480000000000000e+09 -9.419864535000000316e+00
5.516560000000000000e+09 -9.412482343000000640e+00
5.516640000000000000e+09 -9.433468386999999566e+00
5.516720000000000000e+09 -9.414010405000000858e+00
5.516800000000000000e+09 -9.441679047999999241e+00
5.516880000000000000e+09 -9.461092483999999914e+00
5.516960000000000000e+09 -9.441449040000000181e+00
5.517040000000000000e+09 -9.436582304999999948e+00
5.517120000000000000e+09 -9.432712434999999118e+00
5.517200000000000000e+09 -9.431860024000000564e+00
5.517280000000000000e+09 -9.441808114000000529e+00
5.517360000000000000e+09 -9.444020334999999378e+00
5.517440000000000000e+09 -9.427753980000000311e+00
5.517520000000000000e+09 -9.446688190999999790e+00
5.517600000000000000e+09 -9.398835312999999303e+00
5.517680000000000000e+09 -9.416812530999999709e+00
5.517760000000000000e+09 -9.416015905000000075e+00
5.517840000000000000e+09 -9.444504459999999213e+00
5.517920000000000000e+09 -9.425878884999999485e+00
5.518000000000000000e+09 -9.446256287000000640e+00
5.518080000000000000e+09 -9.441949162000000229e+00
5.518160000000000000e+09 -9.420784304999999748e+00
5.518240000000000000e+09 -9.414590493000000393e+00
5.518320000000000000e+09 -9.439603625000000164e+00
5.518400000000000000e+09 -9.404419203999999866e+00
5.518480000000000000e+09 -9.442068837000000769e+00
5.518560000000000000e+09 -9.423641691000000264e+00
5.518640000000000000e+09 -9.464967933000000500e+00
5.518720000000000000e+09 -9.438114033999999819e+00
5.518800000000000000e+09 -9.484117042999999470e+00
5.518880000000000000e+09 -9.418563712999999282e+00
5.518960000000000000e+09 -9.429770717000000246e+00
5.519040000000000000e+09 -9.429862926000000201e+00
5.519120000000000000e+09 -9.429829372000000376e+00
5.519200000000000000e+09 -9.426789855999999190e+00
5.519280000000000000e+09 -9.431641167000000436e+00
5.519360000000000000e+09 -9.437153660999999971e+00
5.519440000000000000e+09 -9.420249517000000239e+00
5.519520000000000000e+09 -9.426959310999999175e+00
5.519600000000000000e+09 -9.423810128999999591e+00
5.519680000000000000e+09 -9.419890834000000268e+00
5.519760000000000000e+09 -9.410598161999999434e+00
5.519840000000000000e+09 -9.410278742999999224e+00
5.519920000000000000e+09 -9.441863661999999380e+00
5.520000000000000000e+09 -9.441599054999999296e+00
