5.440000000000000000e+09 -9.119727791000000749e+00
5.440080000000000000e+09 -9.126609587000000801e+00
5.440160000000000000e+09 -9.129276910999999828e+00
5.440240000000000000e+09 -9.131621864999999616e+00
5.440320000000000000e+09 -9.125593371000000786e+00
5.440400000000000000e+09 -9.130415210000000670e+00
5.440480000000000000e+09 -9.135828394000000685e+00
5.440560000000000000e+09 -9.130692015999999356e+00
5.440640000000000000e+09 -9.134663558999999822e+00
5.440720000000000000e+09 -9.138958062000000382e+00
5.440800000000000000e+09 -9.137324841999999947e+00
5.440880000000000000e+09 -9.136637057999999811e+00
5.440960000000000000e+09 -9.133568870999999589e+00
5.441040000000000000e+09 -9.138290724000000864e+00
5.441120000000000000e+09 -9.138879129999999407e+00
5.441200000000000000e+09 -9.139701240000000837e+00
5.441280000000000000e+09 -9.137687812999999437e+00
5.441360000000000000e+09 -9.137725289000000473e+00
5.441440000000000000e+09 -9.139646557000000726e+00
5.441520000000000000e+09 -9.140518265000000753e+00
5.441600000000000000e+09 -9.142527380000000647e+00
5.441680000000000000e+09 -9.142867453999999228e+00
5.441760000000000000e+09 -9.138117447000000837e+00
5.441840000000000000e+09 -9.136997402000000434e+00
5.441920000000000000e+09 -9.139246863000000332e+00
5.442000000000000000e+09 -9.141760784000000584e+00
5.442080000000000000e+09 -9.137652940000000612e+00
5.442160000000000000e+09 -9.140427948999999330e+00
5.442240000000000000e+09 -9.140319643999999855e+00
5.442320000000000000e+09 -9.141853349999999878e+00
5.442400000000000000e+09 -9.143047626999999622e+00
5.442480000000000000e+09 -9.143760135999999150e+00
5.442560000000000000e+09 -9.143095977999999846e+00
5.442640000000000000e+09 -9.147988563000000184e+00
5.442720000000000000e+09 -9.145916495999999896e+00
5.442800000000000000e+09 -9.144959074999999160e+00
5.442880000000000000e+09 -9.144821966000000302e+00
5.442960000000000000e+09 -9.146962440999999444e+00
5.443040000000000000e+09 -9.141547322999999281e+00
5.443120000000000000e+09 -9.147566665999999458e+00
5.443200000000000000e+09 -9.146015785999999537e+00
5.443280000000000000e+09 -9.141798509999999212e+00
5.443360000000000000e+09 -9.148578435999999314e+00
5.443440000000000000e+09 -9.149608404000000306e+00
5.443520000000000000e+09 -9.145535656999999929e+00
5.443600000000000000e+09 -9.149287919000000713e+00
5.443680000000000000e+09 -9.149732393000000741e+00
5.443760000000000000e+09 -9.144643414000000803e+00
5.443840000000000000e+09 -9.150611813999999455e+00
5.443920000000000000e+09 -9.148730127000000323e+00
5.444000000000000000e+09 -9.149842791999999392e+00
5.444080000000000000e+09 -9.147793765999999493e+00
5.444160000000000000e+09 -9.147443928999999585e+00
5.444240000000000000e+09 -9.150781598000000017e+00
5.444320000000000000e+09 -9.151406851000000842e+00
5.444400000000000000e+09 -9.152380581999999265e+00
5.444480000000000000e+09 -9.151330629000000272e+00
5.444560000000000000e+09 -9.152745105999999353e+00
5.444640000000000000e+09 -9.152787462999999235e+00
5.444720000000000000e+09 -9.153601190999999915e+00
5.444800000000000000e+09 -9.155339291000000657e+00
5.444880000000000000e+09 -9.157243422000000521e+00
5.444960000000000000e+09 -9.158482266000000038e+00
5.445040000000000000e+09 -9.158125298999999941e+00
5.445120000000000000e+09 -9.158916701000000771e+00
5.445200000000000000e+09 -9.159723211999999393e+00
5.445280000000000000e+09 -9.159224121999999468e+00
5.445360000000000000e+09 -9.161858781999999479e+00
5.445440000000000000e+09 -9.161554339000000269e+00
5.445520000000000000e+09 -9.161143586999999755e+00
5.445600000000000000e+09 -9.165393056999999288e+00
5.445680000000000000e+09 -9.163936644999999714e+00
5.445760000000000000e+09 -9.164697942000000097e+00
5.445840000000000000e+09 -9.163531070999999528e+00
5.445920000000000000e+09 -9.168611368000000539e+00
5.446000000000000000e+09 -9.168269771000000290e+00
5.446080000000000000e+09 -9.170246557000000465e+00
5.446160000000000000e+09 -9.169935327999999330e+00
5.446240000000000000e+09 -9.170414175999999529e+00
5.446320000000000000e+09 -9.167631809999999604e+00
5.446400000000000000e+09 -9.171564194000000114e+00
5.446480000000000000e+09 -9.171332703999999225e+00
5.446560000000000000e+09 -9.168327526000000560e+00
5.446640000000000000e+09 -9.176006599999999125e+00
5.446720000000000000e+09 -9.176362392999999784e+00
5.446800000000000000e+09 -9.174329907000000617e+00
5.446880000000000000e+09 -9.176012401999999568e+00
5.446960000000000000e+09 -9.179827374000000262e+00
5.447040000000000000e+09 -9.180662222000000483e+00
5.447120000000000000e+09 -9.177051086000000524e+00
5.447200000000000000e+09 -9.179956037000000180e+00
5.447280000000000000e+09 -9.181245781999999522e+00
5.447360000000000000e+09 -9.183469398999999811e+00
5.447440000000000000e+09 -9.184656874999999943e+00
5.447520000000000000e+09 -9.183789134999999604e+00
5.447600000000000000e+09 -9.187447928999999291e+00
5.447680000000000000e+09 -9.184611135999999121e+00
5.447760000000000000e+09 -9.188722205999999559e+00
5.447840000000000000e+09 -9.187988989999999134e+00
5.447920000000000000e+09 -9.190816264000000402e+00
5.448000000000000000e+09 -9.192300137000000149e+00
5.448080000000000000e+09 -9.196277724999999847e+00
5.448160000000000000e+09 -9.194896431000000092e+00
5.448240000000000000e+09 -9.194123231000000729e+00
5.448320000000000000e+09 -9.196349896999999274e+00
5.448400000000000000e+09 -9.196969753999999497e+00
5.448480000000000000e+09 -9.196421624999999267e+00
5.448560000000000000e+09 -9.197585014999999586e+00
5.448640000000000000e+09 -9.198782970999999975e+00
5.448720000000000000e+09 -9.201335244999999219e+00
5.448800000000000000e+09 -9.201955830999999364e+00
5.448880000000000000e+09 -9.204644977999999256e+00
5.448960000000000000e+09 -9.204862309999999326e+00
5.449040000000000000e+09 -9.205041724000000869e+00
5.449120000000000000e+09 -9.205227167000000321e+00
5.449200000000000000e+09 -9.205632609000000244e+00
5.449280000000000000e+09 -9.209828740000000735e+00
5.449360000000000000e+09 -9.212308266999999162e+00
5.449440000000000000e+09 -9.209657998000000845e+00
5.449520000000000000e+09 -9.216931952999999567e+00
5.449600000000000000e+09 -9.211927066999999525e+00
5.449680000000000000e+09 -9.216154541999999950e+00
5.449760000000000000e+09 -9.212447929999999729e+00
5.449840000000000000e+09 -9.217883594999999985e+00
5.449920000000000000e+09 -9.217478700999999219e+00
5.450000000000000000e+09 -9.223421895999999620e+00
5.450080000000000000e+09 -9.219069687999999374e+00
5.450160000000000000e+09 -9.223595814999999476e+00
5.450240000000000000e+09 -9.224241106999999218e+00
5.450320000000000000e+09 -9.225676166999999595e+00
5.450400000000000000e+09 -9.224429407000000580e+00
5.450480000000000000e+09 -9.228498820000000435e+00
5.450560000000000000e+09 -9.228471154999999371e+00
5.450640000000000000e+09 -9.232615114999999761e+00
5.450720000000000000e+09 -9.233203372000000186e+00
5.450800000000000000e+09 -9.234329240999999300e+00
5.450880000000000000e+09 -9.234675083999999146e+00
5.450960000000000000e+09 -9.235309791000000601e+00
5.451040000000000000e+09 -9.237123846999999444e+00
5.451120000000000000e+09 -9.240955813999999435e+00
5.451200000000000000e+09 -9.236387411000000824e+00
5.451280000000000000e+09 -9.241661338000000114e+00
5.451360000000000000e+09 -9.241819948999999923e+00
5.451440000000000000e+09 -9.242453064999999413e+00
5.451520000000000000e+09 -9.244512188999999935e+00
5.451600000000000000e+09 -9.242805002000000769e+00
5.451680000000000000e+09 -9.246860916999999347e+00
5.451760000000000000e+09 -9.243841867000000434e+00
5.451840000000000000e+09 -9.249520984000000112e+00
5.451920000000000000e+09 -9.252998644999999911e+00
5.452000000000000000e+09 -9.254085891000000785e+00
5.452080000000000000e+09 -9.250399568000000627e+00
5.452160000000000000e+09 -9.255482662000000360e+00
5.452240000000000000e+09 -9.253425087000000104e+00
5.452320000000000000e+09 -9.254593174000000033e+00
5.452400000000000000e+09 -9.258726806000000309e+00
5.452480000000000000e+09 -9.260566460999999805e+00
5.452560000000000000e+09 -9.261176776999999305e+00
5.452640000000000000e+09 -9.263267056000000110e+00
5.452720000000000000e+09 -9.264191532999999978e+00
5.452800000000000000e+09 -9.267083079000000723e+00
5.452880000000000000e+09 -9.266880214000000393e+00
5.452960000000000000e+09 -9.271786365000000529e+00
5.453040000000000000e+09 -9.269233755000000130e+00
5.453120000000000000e+09 -9.275513629000000648e+00
5.453200000000000000e+09 -9.274837503000000538e+00
5.453280000000000000e+09 -9.274846499000000577e+00
5.453360000000000000e+09 -9.278269436000000425e+00
5.453440000000000000e+09 -9.280442107000000718e+00
5.453520000000000000e+09 -9.279590070999999440e+00
5.453600000000000000e+09 -9.280248725999999948e+00
5.453680000000000000e+09 -9.282196045999999257e+00
5.453760000000000000e+09 -9.283855151999999222e+00
5.453840000000000000e+09 -9.289259579999999517e+00
5.453920000000000000e+09 -9.289483545999999592e+00
5.454000000000000000e+09 -9.289481573999999853e+00
5.454080000000000000e+09 -9.290401774999999418e+00
5.454160000000000000e+09 -9.294809430000000816e+00
5.454240000000000000e+09 -9.292519980999999873e+00
5.454320000000000000e+09 -9.291909858000000355e+00
5.454400000000000000e+09 -9.295790155000000610e+00
5.454480000000000000e+09 -9.298771907000000780e+00
5.454560000000000000e+09 -9.302588851999999520e+00
5.454640000000000000e+09 -9.301926850999999274e+00
5.454720000000000000e+09 -9.300552870000000638e+00
5.454800000000000000e+09 -9.305496647000000010e+00
5.454880000000000000e+09 -9.305249803000000597e+00
5.454960000000000000e+09 -9.307228372999999166e+00
5.455040000000000000e+09 -9.307552135999999976e+00
5.455120000000000000e+09 -9.311868065000000527e+00
5.455200000000000000e+09 -9.314435380999999126e+00
5.455280000000000000e+09 -9.313778542999999743e+00
5.455360000000000000e+09 -9.315784601000000720e+00
5.455440000000000000e+09 -9.317636895999999780e+00
5.455520000000000000e+09 -9.318755226000000391e+00
5.455600000000000000e+09 -9.320387659999999741e+00
5.455680000000000000e+09 -9.321690036999999762e+00
5.455760000000000000e+09 -9.323058747999999341e+00
5.455840000000000000e+09 -9.324522245000000709e+00
5.455920000000000000e+09 -9.329746296999999799e+00
5.456000000000000000e+09 -9.333159906000000561e+00
5.456080000000000000e+09 -9.330273302000000157e+00
5.456160000000000000e+09 -9.334437804000000227e+00
5.456240000000000000e+09 -9.336731228999999743e+00
5.456320000000000000e+09 -9.334961549000000858e+00
5.456400000000000000e+09 -9.338647193999999985e+00
5.456480000000000000e+09 -9.339768018999999200e+00
5.456560000000000000e+09 -9.340755591000000635e+00
5.456640000000000000e+09 -9.345711315000000852e+00
5.456720000000000000e+09 -9.347641117000000222e+00
5.456800000000000000e+09 -9.345204943000000597e+00
5.456880000000000000e+09 -9.346495297000000591e+00
5.456960000000000000e+09 -9.350564559000000386e+00
5.457040000000000000e+09 -9.354882605000000240e+00
5.457120000000000000e+09 -9.353155613000000201e+00
5.457200000000000000e+09 -9.353366357000000519e+00
5.457280000000000000e+09 -9.357895620000000747e+00
5.457360000000000000e+09 -9.363247425999999152e+00
5.457440000000000000e+09 -9.362941926999999609e+00
5.457520000000000000e+09 -9.358749041999999463e+00
5.457600000000000000e+09 -9.362026758000000726e+00
5.457680000000000000e+09 -9.364304206999999991e+00
5.457760000000000000e+09 -9.369857367999999909e+00
5.457840000000000000e+09 -9.367865152000000251e+00
5.457920000000000000e+09 -9.371935881000000634e+00
5.458000000000000000e+09 -9.373603053000000074e+00
5.458080000000000000e+09 -9.374640005999999914e+00
5.458160000000000000e+09 -9.377848404999999943e+00
5.458240000000000000e+09 -9.380492846999999301e+00
5.458320000000000000e+09 -9.381796968999999820e+00
5.458400000000000000e+09 -9.382656823999999673e+00
5.458480000000000000e+09 -9.387091310000000632e+00
5.458560000000000000e+09 -9.388340147999999274e+00
5.458640000000000000e+09 -9.389741327999999498e+00
5.458720000000000000e+09 -9.394542424000000835e+00
5.458800000000000000e+09 -9.391846337000000489e+00
5.458880000000000000e+09 -9.398375376000000614e+00
5.458960000000000000e+09 -9.398912885999999745e+00
5.459040000000000000e+09 -9.399956953000000226e+00
5.459120000000000000e+09 -9.398646727999999229e+00
5.459200000000000000e+09 -9.401458031000000659e+00
5.459280000000000000e+09 -9.406209354999999661e+00
5.459360000000000000e+09 -9.406656754000000120e+00
5.459440000000000000e+09 -9.408339013000000861e+00
5.459520000000000000e+09 -9.412620020000000309e+00
5.459600000000000000e+09 -9.415612033000000380e+00
5.459680000000000000e+09 -9.413209662999999949e+00
5.459760000000000000e+09 -9.416946528000000427e+00
5.459840000000000000e+09 -9.421290364000000750e+00
5.459920000000000000e+09 -9.423372974999999485e+00
5.460000000000000000e+09 -9.425519902999999644e+00
5.460080000000000000e+09 -9.422909698999999861e+00
5.460160000000000000e+09 -9.427003486000000265e+00
5.460240000000000000e+09 -9.426665389000000062e+00
5.460320000000000000e+09 -9.433235900999999757e+00
5.460400000000000000e+09 -9.433048652000000089e+00
5.460480000000000000e+09 -9.440359068999999437e+00
5.460560000000000000e+09 -9.440302184000000096e+00
5.460640000000000000e+09 -9.443225287000000634e+00
5.460720000000000000e+09 -9.442301812000000183e+00
5.460800000000000000e+09 -9.447500894999999232e+00
5.460880000000000000e+09 -9.450294181000000293e+00
5.460960000000000000e+09 -9.451727965999999981e+00
5.461040000000000000e+09 -9.453117111999999267e+00
5.461120000000000000e+09 -9.457001074000000784e+00
5.461200000000000000e+09 -9.457411201999999406e+00
5.461280000000000000e+09 -9.460083915000000232e+00
5.461360000000000000e+09 -9.461631392999999335e+00
5.461440000000000000e+09 -9.463462635999999151e+00
5.461520000000000000e+09 -9.465937226999999510e+00
5.461600000000000000e+09 -9.466067353999999767e+00
5.461680000000000000e+09 -9.475817793999999239e+00
5.461760000000000000e+09 -9.476809031000000161e+00
5.461840000000000000e+09 -9.475960703000000152e+00
5.461920000000000000e+09 -9.477721035000000072e+00
5.462000000000000000e+09 -9.486217572999999348e+00
5.462080000000000000e+09 -9.484233313000000720e+00
5.462160000000000000e+09 -9.488480288999999956e+00
5.462240000000000000e+09 -9.491105909999999923e+00
5.462320000000000000e+09 -9.494492239999999583e+00
5.462400000000000000e+09 -9.494677770999999211e+00
5.462480000000000000e+09 -9.496559795999999665e+00
5.462560000000000000e+09 -9.501794078999999726e+00
5.462640000000000000e+09 -9.500486885000000825e+00
5.462720000000000000e+09 -9.504978908000000004e+00
5.462800000000000000e+09 -9.507208895999999854e+00
5.462880000000000000e+09 -9.512965839999999673e+00
5.462960000000000000e+09 -9.514895758999999842e+00
5.463040000000000000e+09 -9.515642546000000479e+00
5.463120000000000000e+09 -9.515492935999999347e+00
5.463200000000000000e+09 -9.521680131000000102e+00
5.463280000000000000e+09 -9.524432729000000819e+00
5.463360000000000000e+09 -9.524501916000000179e+00
5.463440000000000000e+09 -9.531283056999999559e+00
5.463520000000000000e+09 -9.530710622999999160e+00
5.463600000000000000e+09 -9.534372467000000739e+00
5.463680000000000000e+09 -9.535690456999999398e+00
5.463760000000000000e+09 -9.542287468999999689e+00
5.463840000000000000e+09 -9.548715557999999604e+00
5.463920000000000000e+09 -9.545398877000000226e+00
5.464000000000000000e+09 -9.551158090999999573e+00
5.464080000000000000e+09 -9.555793992999999986e+00
5.464160000000000000e+09 -9.558679934000000600e+00
5.464240000000000000e+09 -9.559739799000000815e+00
5.464320000000000000e+09 -9.561459625999999545e+00
5.464400000000000000e+09 -9.567339859000000502e+00
5.464480000000000000e+09 -9.566665848999999611e+00
5.464560000000000000e+09 -9.572204064999999318e+00
5.464640000000000000e+09 -9.575333732000000708e+00
5.464720000000000000e+09 -9.578448319999999683e+00
5.464800000000000000e+09 -9.581077123000000029e+00
5.464880000000000000e+09 -9.583287536000000273e+00
5.464960000000000000e+09 -9.591128640000000871e+00
5.465040000000000000e+09 -9.593412324000000879e+00
5.465120000000000000e+09 -9.595752441000000132e+00
5.465200000000000000e+09 -9.600500157000000812e+00
5.465280000000000000e+09 -9.599708795999999822e+00
5.465360000000000000e+09 -9.606511130999999537e+00
5.465440000000000000e+09 -9.609993156999999897e+00
5.465520000000000000e+09 -9.614580982999999748e+00
5.465600000000000000e+09 -9.617541969999999552e+00
5.465680000000000000e+09 -9.620926304999999346e+00
5.465760000000000000e+09 -9.622816415999999151e+00
5.465840000000000000e+09 -9.628981165000000786e+00
5.465920000000000000e+09 -9.629129203999999831e+00
5.466000000000000000e+09 -9.633352454000000620e+00
5.466080000000000000e+09 -9.644151052999999862e+00
5.466160000000000000e+09 -9.639759641999999573e+00
5.466240000000000000e+09 -9.645614053999999271e+00
5.466320000000000000e+09 -9.649663180999999312e+00
5.466400000000000000e+09 -9.651012478000000172e+00
5.466480000000000000e+09 -9.659486086999999443e+00
5.466560000000000000e+09 -9.662609836999999757e+00
5.466640000000000000e+09 -9.667220247999999572e+00
5.466720000000000000e+09 -9.672141506000000888e+00
5.466800000000000000e+09 -9.675527158999999600e+00
5.466880000000000000e+09 -9.682210366999999707e+00
5.466960000000000000e+09 -9.687945135999999735e+00
5.467040000000000000e+09 -9.687045562999999859e+00
5.467120000000000000e+09 -9.687738559999999666e+00
5.467200000000000000e+09 -9.695385554999999655e+00
5.467280000000000000e+09 -9.700390958999999924e+00
5.467360000000000000e+09 -9.709981573000000310e+00
5.467440000000000000e+09 -9.710357758000000672e+00
5.467520000000000000e+09 -9.719746706000000458e+00
5.467600000000000000e+09 -9.718872195999999519e+00
5.467680000000000000e+09 -9.725134135999999430e+00
5.467760000000000000e+09 -9.730175772000000833e+00
5.467840000000000000e+09 -9.736883216000000729e+00
5.467920000000000000e+09 -9.737753029000000282e+00
5.468000000000000000e+09 -9.744089309999999671e+00
5.468080000000000000e+09 -9.751347907999999620e+00
5.468160000000000000e+09 -9.752994670999999727e+00
5.468240000000000000e+09 -9.761951522000000381e+00
5.468320000000000000e+09 -9.770264141000000180e+00
5.468400000000000000e+09 -9.772758902999999719e+00
5.468480000000000000e+09 -9.779517251999999772e+00
5.468560000000000000e+09 -9.785589487999999392e+00
5.468640000000000000e+09 -9.789741676000000226e+00
5.468720000000000000e+09 -9.792788351000000446e+00
5.468800000000000000e+09 -9.803111589000000237e+00
5.468880000000000000e+09 -9.807596327000000613e+00
5.468960000000000000e+09 -9.820168118999999862e+00
5.469040000000000000e+09 -9.820513490999999817e+00
5.469120000000000000e+09 -9.829390129000000087e+00
5.469200000000000000e+09 -9.834395159999999692e+00
5.469280000000000000e+09 -9.842545762000000309e+00
5.469360000000000000e+09 -9.848171210000000286e+00
5.469440000000000000e+09 -9.849777293000000711e+00
5.469520000000000000e+09 -9.859571774000000843e+00
5.469600000000000000e+09 -9.866534512999999507e+00
5.469680000000000000e+09 -9.874187533000000627e+00
5.469760000000000000e+09 -9.880847086999999362e+00
5.469840000000000000e+09 -9.889448992000000160e+00
5.469920000000000000e+09 -9.896978505999999953e+00
5.470000000000000000e+09 -9.908048445000000370e+00
5.470080000000000000e+09 -9.912580392000000629e+00
5.470160000000000000e+09 -9.920461195999999759e+00
5.470240000000000000e+09 -9.926034972000000067e+00
5.470320000000000000e+09 -9.940065509000000077e+00
5.470400000000000000e+09 -9.947559256999999988e+00
5.470480000000000000e+09 -9.953235768000000760e+00
5.470560000000000000e+09 -9.969295770000000445e+00
5.470640000000000000e+09 -9.978567311000000828e+00
5.470720000000000000e+09 -9.983885085000000714e+00
5.470800000000000000e+09 -9.989783103000000608e+00
5.470880000000000000e+09 -1.000388683999999984e+01
5.470960000000000000e+09 -1.001581007000000056e+01
5.471040000000000000e+09 -1.002254472000000085e+01
5.471120000000000000e+09 -1.003653038999999936e+01
5.471200000000000000e+09 -1.004406370000000059e+01
5.471280000000000000e+09 -1.005316902999999940e+01
5.471360000000000000e+09 -1.006276974000000024e+01
5.471440000000000000e+09 -1.007867129999999989e+01
5.471520000000000000e+09 -1.008986104999999966e+01
5.471600000000000000e+09 -1.010083017000000005e+01
5.471680000000000000e+09 -1.011371096000000058e+01
5.471760000000000000e+09 -1.012415183000000063e+01
5.471840000000000000e+09 -1.014366036000000015e+01
5.471920000000000000e+09 -1.015193307999999917e+01
5.472000000000000000e+09 -1.016753373000000060e+01
5.472080000000000000e+09 -1.018003973000000073e+01
5.472160000000000000e+09 -1.019439470999999919e+01
5.472240000000000000e+09 -1.020774461000000066e+01
5.472320000000000000e+09 -1.022382975999999921e+01
5.472400000000000000e+09 -1.023704419000000065e+01
5.472480000000000000e+09 -1.025380104000000081e+01
5.472560000000000000e+09 -1.027047622999999987e+01
5.472640000000000000e+09 -1.028919735000000024e+01
5.472720000000000000e+09 -1.030407716999999934e+01
5.472800000000000000e+09 -1.031976453000000049e+01
5.472880000000000000e+09 -1.034170358000000078e+01
5.472960000000000000e+09 -1.036289415999999974e+01
5.473040000000000000e+09 -1.037844263000000034e+01
5.473120000000000000e+09 -1.039990112999999994e+01
5.473200000000000000e+09 -1.041814165000000081e+01
5.473280000000000000e+09 -1.044008673000000087e+01
5.473360000000000000e+09 -1.046209475000000033e+01
5.473440000000000000e+09 -1.048246347999999983e+01
5.473520000000000000e+09 -1.050334806000000043e+01
5.473600000000000000e+09 -1.052810565000000054e+01
5.473680000000000000e+09 -1.054974900999999932e+01
5.473760000000000000e+09 -1.057851244999999984e+01
5.473840000000000000e+09 -1.060585226999999975e+01
5.473920000000000000e+09 -1.063077726999999939e+01
5.474000000000000000e+09 -1.065791435999999948e+01
5.474080000000000000e+09 -1.068670200000000037e+01
5.474160000000000000e+09 -1.071137298999999921e+01
5.474240000000000000e+09 -1.074564164000000055e+01
5.474320000000000000e+09 -1.077316294999999968e+01
5.474400000000000000e+09 -1.081096267000000033e+01
5.474480000000000000e+09 -1.084548367999999918e+01
5.474560000000000000e+09 -1.087523395999999920e+01
5.474640000000000000e+09 -1.091242212000000045e+01
5.474720000000000000e+09 -1.094418570999999929e+01
5.474800000000000000e+09 -1.098940679999999936e+01
5.474880000000000000e+09 -1.102567164000000055e+01
5.474960000000000000e+09 -1.106757930000000023e+01
5.475040000000000000e+09 -1.110586162000000066e+01
5.475120000000000000e+09 -1.114752988999999950e+01
5.475200000000000000e+09 -1.119315326999999982e+01
5.475280000000000000e+09 -1.124012201000000033e+01
5.475360000000000000e+09 -1.128847033999999994e+01
5.475440000000000000e+09 -1.134060060000000014e+01
5.475520000000000000e+09 -1.138492250000000006e+01
5.475600000000000000e+09 -1.144533640999999946e+01
5.475680000000000000e+09 -1.149391864999999946e+01
5.475760000000000000e+09 -1.155079639000000036e+01
5.475840000000000000e+09 -1.161254090999999988e+01
5.475920000000000000e+09 -1.166696456999999931e+01
5.476000000000000000e+09 -1.172440354000000085e+01
5.476080000000000000e+09 -1.178523846000000042e+01
5.476160000000000000e+09 -1.185143502000000026e+01
5.476240000000000000e+09 -1.191874162000000048e+01
5.476320000000000000e+09 -1.198319386999999914e+01
5.476400000000000000e+09 -1.205339260999999951e+01
5.476480000000000000e+09 -1.211696573000000043e+01
5.476560000000000000e+09 -1.219199498000000048e+01
5.476640000000000000e+09 -1.226018924999999982e+01
5.476720000000000000e+09 -1.232926920999999965e+01
5.476800000000000000e+09 -1.239960956000000003e+01
5.476880000000000000e+09 -1.247080193000000037e+01
5.476960000000000000e+09 -1.254260511000000022e+01
5.477040000000000000e+09 -1.261104092999999970e+01
5.477120000000000000e+09 -1.267606095000000010e+01
5.477200000000000000e+09 -1.274597203999999984e+01
5.477280000000000000e+09 -1.280569850000000010e+01
5.477360000000000000e+09 -1.286571969000000060e+01
5.477440000000000000e+09 -1.292532892000000011e+01
5.477520000000000000e+09 -1.297416240000000087e+01
5.477600000000000000e+09 -1.301832742999999937e+01
5.477680000000000000e+09 -1.305484902000000069e+01
5.477760000000000000e+09 -1.309195779000000037e+01
5.477840000000000000e+09 -1.311055975000000018e+01
5.477920000000000000e+09 -1.313313207000000027e+01
5.478000000000000000e+09 -1.314816676000000051e+01
5.478080000000000000e+09 -1.314421847000000021e+01
5.478160000000000000e+09 -1.313756966999999953e+01
5.478240000000000000e+09 -1.311780395999999982e+01
5.478320000000000000e+09 -1.309051475999999958e+01
5.478400000000000000e+09 -1.305712881000000003e+01
5.478480000000000000e+09 -1.301158329000000080e+01
5.478560000000000000e+09 -1.295505415999999954e+01
5.478640000000000000e+09 -1.290049725000000080e+01
5.478720000000000000e+09 -1.282980865000000037e+01
5.478800000000000000e+09 -1.275577112000000035e+01
5.478880000000000000e+09 -1.267293171999999934e+01
5.478960000000000000e+09 -1.258734225999999978e+01
5.479040000000000000e+09 -1.249639973000000026e+01
5.479120000000000000e+09 -1.240033827000000066e+01
5.479200000000000000e+09 -1.230118807000000025e+01
5.479280000000000000e+09 -1.220417881999999921e+01
5.479360000000000000e+09 -1.210070744000000076e+01
5.479440000000000000e+09 -1.199780396999999965e+01
5.479520000000000000e+09 -1.189623425999999995e+01
5.479600000000000000e+09 -1.179396073999999928e+01
5.479680000000000000e+09 -1.169517261999999924e+01
5.479760000000000000e+09 -1.159212753000000085e+01
5.479840000000000000e+09 -1.149518600999999940e+01
5.479920000000000000e+09 -1.140108007000000079e+01
5.480000000000000000e+09 -1.130539008000000045e+01
5.480080000000000000e+09 -1.121752445000000087e+01
5.480160000000000000e+09 -1.112646933000000082e+01
5.480240000000000000e+09 -1.104655514000000061e+01
5.480320000000000000e+09 -1.096419696000000066e+01
5.480400000000000000e+09 -1.088036594000000079e+01
5.480480000000000000e+09 -1.080459646999999990e+01
5.480560000000000000e+09 -1.073496824000000061e+01
5.480640000000000000e+09 -1.066289818999999994e+01
5.480720000000000000e+09 -1.059649673000000014e+01
5.480800000000000000e+09 -1.052967270000000077e+01
5.480880000000000000e+09 -1.046859863000000068e+01
5.480960000000000000e+09 -1.041500512000000001e+01
5.481040000000000000e+09 -1.035810138999999985e+01
5.481120000000000000e+09 -1.030160243000000087e+01
5.481200000000000000e+09 -1.025164778000000076e+01
5.481280000000000000e+09 -1.020331260000000029e+01
5.481360000000000000e+09 -1.015765588999999913e+01
5.481440000000000000e+09 -1.011310100999999939e+01
5.481520000000000000e+09 -1.007013152999999939e+01
5.481600000000000000e+09 -1.003024540999999914e+01
5.481680000000000000e+09 -9.993588129000000819e+00
5.481760000000000000e+09 -9.957300263000000484e+00
5.481840000000000000e+09 -9.919959701999999879e+00
5.481920000000000000e+09 -9.893912135000000774e+00
5.482000000000000000e+09 -9.862746683999999320e+00
5.482080000000000000e+09 -9.831703973999999846e+00
5.482160000000000000e+09 -9.802069267000000252e+00
5.482240000000000000e+09 -9.777838226000000077e+00
5.482320000000000000e+09 -9.754221296000000763e+00
5.482400000000000000e+09 -9.731018135999999430e+00
5.482480000000000000e+09 -9.704704419000000470e+00
5.482560000000000000e+09 -9.683575375000000207e+00
5.482640000000000000e+09 -9.663512473000000824e+00
5.482720000000000000e+09 -9.645189024000000444e+00
5.482800000000000000e+09 -9.627212478000000573e+00
5.482880000000000000e+09 -9.608601708000000130e+00
5.482960000000000000e+09 -9.592606487999999487e+00
5.483040000000000000e+09 -9.574812143999999137e+00
5.483120000000000000e+09 -9.561413891000000831e+00
5.483200000000000000e+09 -9.542571017000000211e+00
5.483280000000000000e+09 -9.531579465000000084e+00
5.483360000000000000e+09 -9.517365778000000276e+00
5.483440000000000000e+09 -9.503165641000000718e+00
5.483520000000000000e+09 -9.493586021000000486e+00
5.483600000000000000e+09 -9.483365824999999916e+00
5.483680000000000000e+09 -9.470808871999999212e+00
5.483760000000000000e+09 -9.463459338999999915e+00
5.483840000000000000e+09 -9.450981514000000416e+00
5.483920000000000000e+09 -9.440311048999999954e+00
5.484000000000000000e+09 -9.432137366999999273e+00
5.484080000000000000e+09 -9.426583858000000760e+00
5.484160000000000000e+09 -9.417840355999999247e+00
5.484240000000000000e+09 -9.408223794999999612e+00
5.484320000000000000e+09 -9.401093527000000449e+00
5.484400000000000000e+09 -9.393839658999999287e+00
5.484480000000000000e+09 -9.386317647000000264e+00
5.484560000000000000e+09 -9.381082607999999823e+00
5.484640000000000000e+09 -9.377815181000000777e+00
5.484720000000000000e+09 -9.370621161000000754e+00
5.484800000000000000e+09 -9.367829106000000294e+00
5.484880000000000000e+09 -9.361238236000000157e+00
5.484960000000000000e+09 -9.355686491000000160e+00
5.485040000000000000e+09 -9.347709771999999973e+00
5.485120000000000000e+09 -9.344693838999999613e+00
5.485200000000000000e+09 -9.341316968999999304e+00
5.485280000000000000e+09 -9.336962784000000681e+00
5.485360000000000000e+09 -9.331508317000000829e+00
5.485440000000000000e+09 -9.327107392000000274e+00
5.485520000000000000e+09 -9.323045008999999439e+00
5.485600000000000000e+09 -9.321601485000000409e+00
5.485680000000000000e+09 -9.313780253999999204e+00
5.485760000000000000e+09 -9.314326856999999293e+00
5.485840000000000000e+09 -9.310150840000000372e+00
5.485920000000000000e+09 -9.306118750999999634e+00
5.486000000000000000e+09 -9.305593469999999812e+00
5.486080000000000000e+09 -9.300569015000000661e+00
5.486160000000000000e+09 -9.303027308000000772e+00
5.486240000000000000e+09 -9.294293399000000733e+00
5.486320000000000000e+09 -9.297507083999999367e+00
5.486400000000000000e+09 -9.290349262999999524e+00
5.486480000000000000e+09 -9.291004108999999289e+00
5.486560000000000000e+09 -9.287573255999999944e+00
5.486640000000000000e+09 -9.290186824999999260e+00
5.486720000000000000e+09 -9.282834491999999216e+00
5.486800000000000000e+09 -9.282280683999999837e+00
5.486880000000000000e+09 -9.280821171999999564e+00
5.486960000000000000e+09 -9.278509330000000332e+00
5.487040000000000000e+09 -9.279251721999999702e+00
5.487120000000000000e+09 -9.276696162000000356e+00
5.487200000000000000e+09 -9.277654260000000264e+00
5.487280000000000000e+09 -9.273881405999999217e+00
5.487360000000000000e+09 -9.271613693999999128e+00
5.487440000000000000e+09 -9.272757178000000877e+00
5.487520000000000000e+09 -9.271176455000000871e+00
5.487600000000000000e+09 -9.267592313999999831e+00
5.487680000000000000e+09 -9.267051604000000609e+00
5.487760000000000000e+09 -9.266900337999999238e+00
5.487840000000000000e+09 -9.264605162000000504e+00
5.487920000000000000e+09 -9.265580193999999992e+00
5.488000000000000000e+09 -9.267834091999999302e+00
5.488080000000000000e+09 -9.265553477999999288e+00
5.488160000000000000e+09 -9.262477549999999837e+00
5.488240000000000000e+09 -9.260760812999999203e+00
5.488320000000000000e+09 -9.261159402000000540e+00
5.488400000000000000e+09 -9.262769349999999235e+00
5.488480000000000000e+09 -9.261880759000000296e+00
5.488560000000000000e+09 -9.257376570999999998e+00
5.488640000000000000e+09 -9.260235306000000222e+00
5.488720000000000000e+09 -9.257450088000000576e+00
5.488800000000000000e+09 -9.257898341000000642e+00
5.488880000000000000e+09 -9.258466139999999456e+00
5.488960000000000000e+09 -9.257214755999999767e+00
5.489040000000000000e+09 -9.260231023999999422e+00
5.489120000000000000e+09 -9.255749245000000514e+00
5.489200000000000000e+09 -9.255628086999999837e+00
5.489280000000000000e+09 -9.257899465999999578e+00
5.489360000000000000e+09 -9.255494099999999946e+00
5.489440000000000000e+09 -9.255881450000000399e+00
5.489520000000000000e+09 -9.255456032999999749e+00
5.489600000000000000e+09 -9.257087233000000026e+00
5.489680000000000000e+09 -9.255751868999999132e+00
5.489760000000000000e+09 -9.256506067000000115e+00
5.489840000000000000e+09 -9.255766194999999641e+00
5.489920000000000000e+09 -9.257427968000000007e+00
5.490000000000000000e+09 -9.259163670999999596e+00
5.490080000000000000e+09 -9.256090872999999775e+00
5.490160000000000000e+09 -9.257114680000000817e+00
5.490240000000000000e+09 -9.254732858000000562e+00
5.490320000000000000e+09 -9.257927260000000658e+00
5.490400000000000000e+09 -9.251668064000000413e+00
5.490480000000000000e+09 -9.255927069000000174e+00
5.490560000000000000e+09 -9.260691689999999809e+00
5.490640000000000000e+09 -9.258435296000000037e+00
5.490720000000000000e+09 -9.256639253999999539e+00
5.490800000000000000e+09 -9.259096332000000373e+00
5.490880000000000000e+09 -9.255861922999999436e+00
5.490960000000000000e+09 -9.253729251999999406e+00
5.491040000000000000e+09 -9.255171252000000237e+00
5.491120000000000000e+09 -9.256272434999999632e+00
5.491200000000000000e+09 -9.255238583000000574e+00
5.491280000000000000e+09 -9.258379850000000744e+00
5.491360000000000000e+09 -9.256197786999999622e+00
5.491440000000000000e+09 -9.254829021000000822e+00
5.491520000000000000e+09 -9.256051463000000368e+00
5.491600000000000000e+09 -9.257958294999999893e+00
5.491680000000000000e+09 -9.262502686999999568e+00
5.491760000000000000e+09 -9.261502313999999458e+00
5.491840000000000000e+09 -9.261756450000000029e+00
5.491920000000000000e+09 -9.259803659999999326e+00
5.492000000000000000e+09 -9.260984819000000812e+00
5.492080000000000000e+09 -9.262929139000000589e+00
5.492160000000000000e+09 -9.261634650999999607e+00
5.492240000000000000e+09 -9.261119581000000878e+00
5.492320000000000000e+09 -9.258731563999999636e+00
5.492400000000000000e+09 -9.266557011999999816e+00
5.492480000000000000e+09 -9.263470037999999462e+00
5.492560000000000000e+09 -9.264069355000000172e+00
5.492640000000000000e+09 -9.263369925999999310e+00
5.492720000000000000e+09 -9.265449810999999869e+00
5.492800000000000000e+09 -9.265823290000000156e+00
5.492880000000000000e+09 -9.266522621000000015e+00
5.492960000000000000e+09 -9.265445420000000709e+00
5.493040000000000000e+09 -9.264386852999999533e+00
5.493120000000000000e+09 -9.267004762999999201e+00
5.493200000000000000e+09 -9.269223030999999224e+00
5.493280000000000000e+09 -9.269687750999999309e+00
5.493360000000000000e+09 -9.268543146000000732e+00
5.493440000000000000e+09 -9.270925690000000330e+00
5.493520000000000000e+09 -9.268890013000000039e+00
5.493600000000000000e+09 -9.269142450000000366e+00
5.493680000000000000e+09 -9.269842344000000622e+00
5.493760000000000000e+09 -9.274559627000000361e+00
5.493840000000000000e+09 -9.273342137000000207e+00
5.493920000000000000e+09 -9.274851426999999759e+00
5.494000000000000000e+09 -9.273766428000000062e+00
5.494080000000000000e+09 -9.275305188999999118e+00
5.494160000000000000e+09 -9.277540233999999941e+00
5.494240000000000000e+09 -9.277510797999999781e+00
5.494320000000000000e+09 -9.277243579000000295e+00
5.494400000000000000e+09 -9.275161839000000796e+00
5.494480000000000000e+09 -9.280220939999999530e+00
5.494560000000000000e+09 -9.274344411999999593e+00
5.494640000000000000e+09 -9.278740815999999114e+00
5.494720000000000000e+09 -9.285334671999999401e+00
5.494800000000000000e+09 -9.281091959999999474e+00
5.494880000000000000e+09 -9.280758112999999199e+00
5.494960000000000000e+09 -9.282476592000000082e+00
5.495040000000000000e+09 -9.285178912999999312e+00
5.495120000000000000e+09 -9.287250763999999492e+00
5.495200000000000000e+09 -9.284817061000000038e+00
5.495280000000000000e+09 -9.285505532000000173e+00
5.495360000000000000e+09 -9.283741782999999970e+00
5.495440000000000000e+09 -9.288082037000000568e+00
5.495520000000000000e+09 -9.288101448999999121e+00
5.495600000000000000e+09 -9.288603382999999880e+00
5.495680000000000000e+09 -9.290584552000000329e+00
5.495760000000000000e+09 -9.290308158000000205e+00
5.495840000000000000e+09 -9.291563998999999185e+00
5.495920000000000000e+09 -9.288337771000000131e+00
5.496000000000000000e+09 -9.291736231999999873e+00
5.496080000000000000e+09 -9.294267365999999697e+00
5.496160000000000000e+09 -9.292156124999999989e+00
5.496240000000000000e+09 -9.292675796999999349e+00
5.496320000000000000e+09 -9.295111714000000802e+00
5.496400000000000000e+09 -9.297445401999999248e+00
5.496480000000000000e+09 -9.298228162999999213e+00
5.496560000000000000e+09 -9.299739959000000056e+00
5.496640000000000000e+09 -9.300056903999999847e+00
5.496720000000000000e+09 -9.298076679999999428e+00
5.496800000000000000e+09 -9.301640670999999472e+00
5.496880000000000000e+09 -9.299258916999999514e+00
5.496960000000000000e+09 -9.304377075999999747e+00
5.497040000000000000e+09 -9.304859597000000093e+00
5.497120000000000000e+09 -9.304248216999999599e+00
5.497200000000000000e+09 -9.307116891999999808e+00
5.497280000000000000e+09 -9.306438328000000482e+00
5.497360000000000000e+09 -9.307224125999999487e+00
5.497440000000000000e+09 -9.308697570999999726e+00
5.497520000000000000e+09 -9.310066242999999631e+00
5.497600000000000000e+09 -9.311923766999999685e+00
5.497680000000000000e+09 -9.309995354999999861e+00
5.497760000000000000e+09 -9.312126665999999275e+00
5.497840000000000000e+09 -9.314462445000000201e+00
5.497920000000000000e+09 -9.315110646000000827e+00
5.498000000000000000e+09 -9.314975826999999597e+00
5.498080000000000000e+09 -9.317478991999999849e+00
5.498160000000000000e+09 -9.319872563000000554e+00
5.498240000000000000e+09 -9.316746465999999671e+00
5.498320000000000000e+09 -9.316704178000000169e+00
5.498400000000000000e+09 -9.320957023000000063e+00
5.498480000000000000e+09 -9.320836339999999609e+00
5.498560000000000000e+09 -9.323357255999999538e+00
5.498640000000000000e+09 -9.322424844000000377e+00
5.498720000000000000e+09 -9.325735010000000713e+00
5.498800000000000000e+09 -9.326149343999999175e+00
5.498880000000000000e+09 -9.324759609999999199e+00
5.498960000000000000e+09 -9.326585633000000541e+00
5.499040000000000000e+09 -9.326671914000000285e+00
5.499120000000000000e+09 -9.330000214000000014e+00
5.499200000000000000e+09 -9.330345305999999894e+00
5.499280000000000000e+09 -9.330209457000000484e+00
5.499360000000000000e+09 -9.335278294000000088e+00
5.499440000000000000e+09 -9.337097040999999820e+00
5.499520000000000000e+09 -9.332582354999999552e+00
5.499600000000000000e+09 -9.335100818000000800e+00
5.499680000000000000e+09 -9.337648845000000364e+00
5.499760000000000000e+09 -9.334927455000000762e+00
5.499840000000000000e+09 -9.339673909000000052e+00
5.499920000000000000e+09 -9.338012198999999569e+00
5.500000000000000000e+09 -9.338813427999999917e+00
5.500080000000000000e+09 -9.345460545999999979e+00
5.500160000000000000e+09 -9.343816523999999291e+00
5.500240000000000000e+09 -9.343922839999999397e+00
5.500320000000000000e+09 -9.344697319999999863e+00
5.500400000000000000e+09 -9.346145986999999877e+00
5.500480000000000000e+09 -9.344922177000000829e+00
5.500560000000000000e+09 -9.348879512999999974e+00
5.500640000000000000e+09 -9.351225933000000268e+00
5.500720000000000000e+09 -9.349484011999999566e+00
5.500800000000000000e+09 -9.352167859999999777e+00
5.500880000000000000e+09 -9.351588445999999166e+00
5.500960000000000000e+09 -9.355675092000000248e+00
5.501040000000000000e+09 -9.354048746000000136e+00
5.501120000000000000e+09 -9.355305963999999364e+00
5.501200000000000000e+09 -9.354786011999999928e+00
5.501280000000000000e+09 -9.358395982999999418e+00
5.501360000000000000e+09 -9.359941528000000233e+00
5.501440000000000000e+09 -9.358601618999999872e+00
5.501520000000000000e+09 -9.360990365999999341e+00
5.501600000000000000e+09 -9.361249107000000791e+00
5.501680000000000000e+09 -9.366247686999999544e+00
5.501760000000000000e+09 -9.363183245000000099e+00
5.501840000000000000e+09 -9.364544256000000289e+00
5.501920000000000000e+09 -9.368061366999999251e+00
5.502000000000000000e+09 -9.367760035999999957e+00
5.502080000000000000e+09 -9.370712365999999349e+00
5.502160000000000000e+09 -9.370063482000000832e+00
5.502240000000000000e+09 -9.371077727999999496e+00
5.502320000000000000e+09 -9.371310939000000673e+00
5.502400000000000000e+09 -9.370140633000000108e+00
5.502480000000000000e+09 -9.375918524999999448e+00
5.502560000000000000e+09 -9.374895180999999411e+00
5.502640000000000000e+09 -9.378353340000000316e+00
5.502720000000000000e+09 -9.381079339999999434e+00
5.502800000000000000e+09 -9.381403799999999293e+00
5.502880000000000000e+09 -9.381312255999999294e+00
5.502960000000000000e+09 -9.381991656000000290e+00
5.503040000000000000e+09 -9.384860524000000481e+00
5.503120000000000000e+09 -9.384197327000000755e+00
5.503200000000000000e+09 -9.384811963000000645e+00
5.503280000000000000e+09 -9.387430701999999627e+00
5.503360000000000000e+09 -9.388780913999999811e+00
5.503440000000000000e+09 -9.390447060999999707e+00
5.503520000000000000e+09 -9.388851122000000160e+00
5.503600000000000000e+09 -9.388532606000000058e+00
5.503680000000000000e+09 -9.392635968000000446e+00
5.503760000000000000e+09 -9.391514078000000154e+00
5.503840000000000000e+09 -9.395063457999999201e+00
5.503920000000000000e+09 -9.396104631000000040e+00
5.504000000000000000e+09 -9.394425856999999880e+00
5.504080000000000000e+09 -9.396942238999999475e+00
5.504160000000000000e+09 -9.397792688999999200e+00
5.504240000000000000e+09 -9.400963534000000621e+00
5.504320000000000000e+09 -9.400335372000000689e+00
5.504400000000000000e+09 -9.405376167000000009e+00
5.504480000000000000e+09 -9.404102562000000276e+00
5.504560000000000000e+09 -9.401404655000000332e+00
5.504640000000000000e+09 -9.403864927000000762e+00
5.504720000000000000e+09 -9.407385766999999177e+00
5.504800000000000000e+09 -9.407280688000000168e+00
5.504880000000000000e+09 -9.408692413000000698e+00
5.504960000000000000e+09 -9.406147747000000336e+00
5.505040000000000000e+09 -9.409712784999999968e+00
5.505120000000000000e+09 -9.409027752000000078e+00
5.505200000000000000e+09 -9.411234652999999284e+00
5.505280000000000000e+09 -9.413123533000000265e+00
5.505360000000000000e+09 -9.414368573000000850e+00
5.505440000000000000e+09 -9.415098692999999130e+00
5.505520000000000000e+09 -9.412549161999999470e+00
5.505600000000000000e+09 -9.415442717999999545e+00
5.505680000000000000e+09 -9.419136462999999182e+00
5.505760000000000000e+09 -9.420711195999999177e+00
5.505840000000000000e+09 -9.419426199000000111e+00
5.505920000000000000e+09 -9.421271129000000855e+00
5.506000000000000000e+09 -9.421511287999999595e+00
5.506080000000000000e+09 -9.423972924999999279e+00
5.506160000000000000e+09 -9.427678795000000278e+00
5.506240000000000000e+09 -9.426970208000000184e+00
5.506320000000000000e+09 -9.427571905000000640e+00
5.506400000000000000e+09 -9.428476490999999626e+00
5.506480000000000000e+09 -9.428099223000000251e+00
5.506560000000000000e+09 -9.428422455999999841e+00
5.506640000000000000e+09 -9.427787143999999842e+00
5.506720000000000000e+09 -9.429727909000000352e+00
5.506800000000000000e+09 -9.430899945000000173e+00
5.506880000000000000e+09 -9.431556035999999921e+00
5.506960000000000000e+09 -9.433642568999999867e+00
5.507040000000000000e+09 -9.433097661999999772e+00
5.507120000000000000e+09 -9.434240748000000565e+00
5.507200000000000000e+09 -9.436601341999999448e+00
5.507280000000000000e+09 -9.438141335999999271e+00
5.507360000000000000e+09 -9.435795938000000049e+00
5.507440000000000000e+09 -9.441179338999999615e+00
5.507520000000000000e+09 -9.442754630999999677e+00
5.507600000000000000e+09 -9.442783141999999685e+00
5.507680000000000000e+09 -9.437510087999999797e+00
5.507760000000000000e+09 -9.437337588000000110e+00
5.507840000000000000e+09 -9.441983126000000226e+00
5.507920000000000000e+09 -9.442868800999999479e+00
5.508000000000000000e+09 -9.447174548999999644e+00
5.508080000000000000e+09 -9.442955159000000265e+00
5.508160000000000000e+09 -9.449164871000000687e+00
5.508240000000000000e+09 -9.446150378000000458e+00
5.508320000000000000e+09 -9.448817152000000164e+00
5.508400000000000000e+09 -9.450103058999999917e+00
5.508480000000000000e+09 -9.449478066999999371e+00
5.508560000000000000e+09 -9.448128469000000251e+00
5.508640000000000000e+09 -9.449543076999999514e+00
5.508720000000000000e+09 -9.450123065999999739e+00
5.508800000000000000e+09 -9.452297953000000419e+00
5.508880000000000000e+09 -9.455118366000000663e+00
5.508960000000000000e+09 -9.449978430999999901e+00
5.509040000000000000e+09 -9.454319256999999865e+00
5.509120000000000000e+09 -9.456082980999999776e+00
5.509200000000000000e+09 -9.456617342999999565e+00
5.509280000000000000e+09 -9.452818868999999680e+00
5.509360000000000000e+09 -9.455397051000000275e+00
5.509440000000000000e+09 -9.455030573000000160e+00
5.509520000000000000e+09 -9.459924685000000721e+00
5.509600000000000000e+09 -9.460430461999999707e+00
5.509680000000000000e+09 -9.459839320000000384e+00
5.509760000000000000e+09 -9.457650826000000066e+00
5.509840000000000000e+09 -9.459280865000000205e+00
5.509920000000000000e+09 -9.458864238000000313e+00
5.510000000000000000e+09 -9.462935458000000466e+00
5.510080000000000000e+09 -9.462283764000000374e+00
5.510160000000000000e+09 -9.460210788999999565e+00
5.510240000000000000e+09 -9.466251639999999412e+00
5.510320000000000000e+09 -9.463861979000000701e+00
5.510400000000000000e+09 -9.465003813999999238e+00
5.510480000000000000e+09 -9.464576952999999904e+00
5.510560000000000000e+09 -9.461733467000000175e+00
5.510640000000000000e+09 -9.465503219000000357e+00
5.510720000000000000e+09 -9.465757556999999878e+00
5.510800000000000000e+09 -9.467489443999999921e+00
5.510880000000000000e+09 -9.463202716999999708e+00
5.510960000000000000e+09 -9.470297290999999618e+00
5.511040000000000000e+09 -9.472153594999999981e+00
5.511120000000000000e+09 -9.468503282000000354e+00
5.511200000000000000e+09 -9.473830994000000061e+00
5.511280000000000000e+09 -9.467451776000000763e+00
5.511360000000000000e+09 -9.472478883000000849e+00
5.511440000000000000e+09 -9.470203352000000407e+00
5.511520000000000000e+09 -9.473494103000000166e+00
5.511600000000000000e+09 -9.469759162000000785e+00
5.511680000000000000e+09 -9.472059885000000179e+00
5.511760000000000000e+09 -9.470505063999999251e+00
5.511840000000000000e+09 -9.471761165000000204e+00
5.511920000000000000e+09 -9.473829053999999417e+00
5.512000000000000000e+09 -9.474976812999999609e+00
5.512080000000000000e+09 -9.472885010000000605e+00
5.512160000000000000e+09 -9.472233089999999578e+00
5.512240000000000000e+09 -9.473889337999999327e+00
5.512320000000000000e+09 -9.473100605000000840e+00
5.512400000000000000e+09 -9.474904651999999317e+00
5.512480000000000000e+09 -9.475142827000000878e+00
5.512560000000000000e+09 -9.475693929000000182e+00
5.512640000000000000e+09 -9.475246904000000470e+00
5.512720000000000000e+09 -9.477483122000000648e+00
5.512800000000000000e+09 -9.475187992000000392e+00
5.512880000000000000e+09 -9.470157966000000371e+00
5.512960000000000000e+09 -9.477218602000000658e+00
5.513040000000000000e+09 -9.476418644000000668e+00
5.513120000000000000e+09 -9.475324363000000361e+00
5.513200000000000000e+09 -9.476264854000000071e+00
5.513280000000000000e+09 -9.481649986000000752e+00
5.513360000000000000e+09 -9.476945255000000401e+00
5.513440000000000000e+09 -9.478389273999999531e+00
5.513520000000000000e+09 -9.476019847999999968e+00
5.513600000000000000e+09 -9.477924189999999527e+00
5.513680000000000000e+09 -9.476325204000000113e+00
5.513760000000000000e+09 -9.479558998999999986e+00
5.513840000000000000e+09 -9.481486707000000180e+00
5.513920000000000000e+09 -9.477972901999999422e+00
5.514000000000000000e+09 -9.475654153000000690e+00
5.514080000000000000e+09 -9.475155704000000512e+00
5.514160000000000000e+09 -9.475530380000000363e+00
5.514240000000000000e+09 -9.475991223999999491e+00
5.514320000000000000e+09 -9.477470301000000319e+00
5.514400000000000000e+09 -9.479383722999999762e+00
5.514480000000000000e+09 -9.479786608999999586e+00
5.514560000000000000e+09 -9.480337661000000082e+00
5.514640000000000000e+09 -9.480260302999999666e+00
5.514720000000000000e+09 -9.471528035000000401e+00
5.514800000000000000e+09 -9.478035495000000310e+00
5.514880000000000000e+09 -9.479752559999999661e+00
5.514960000000000000e+09 -9.481037616000000057e+00
5.515040000000000000e+09 -9.477568398000000727e+00
5.515120000000000000e+09 -9.480405105000000887e+00
5.515200000000000000e+09 -9.478964040999999341e+00
5.515280000000000000e+09 -9.475465685999999721e+00
5.515360000000000000e+09 -9.476107144000000204e+00
5.515440000000000000e+09 -9.481186642000000830e+00
5.515520000000000000e+09 -9.477902644000000265e+00
5.515600000000000000e+09 -9.475248399999999904e+00
5.515680000000000000e+09 -9.477985501999999229e+00
5.515760000000000000e+09 -9.478893698000000256e+00
5.515840000000000000e+09 -9.474590183000000110e+00
5.515920000000000000e+09 -9.477343162000000376e+00
5.516000000000000000e+09 -9.475660748999999328e+00
5.516080000000000000e+09 -9.477486417999999802e+00
5.516160000000000000e+09 -9.476777925000000380e+00
5.516240000000000000e+09 -9.477439567999999426e+00
5.516320000000000000e+09 -9.477968363000000451e+00
5.516400000000000000e+09 -9.474768814999999123e+00
5.516480000000000000e+09 -9.473936822000000646e+00
5.516560000000000000e+09 -9.473242790000000468e+00
5.516640000000000000e+09 -9.473324847000000659e+00
5.516720000000000000e+09 -9.475914436000000052e+00
5.516800000000000000e+09 -9.475007099999999127e+00
5.516880000000000000e+09 -9.476484670999999693e+00
5.516960000000000000e+09 -9.476262471000000076e+00
5.517040000000000000e+09 -9.472068564000000634e+00
5.517120000000000000e+09 -9.473374273999999318e+00
5.517200000000000000e+09 -9.473882076000000652e+00
5.517280000000000000e+09 -9.472804799000000386e+00
5.517360000000000000e+09 -9.474379201999999722e+00
5.517440000000000000e+09 -9.471804246999999677e+00
5.517520000000000000e+09 -9.473232854999999120e+00
5.517600000000000000e+09 -9.470797958000000349e+00
5.517680000000000000e+09 -9.470737519000000049e+00
5.517760000000000000e+09 -9.476381995000000558e+00
5.517840000000000000e+09 -9.470762669000000855e+00
5.517920000000000000e+09 -9.469795093000000108e+00
5.518000000000000000e+09 -9.470270993999999831e+00
5.518080000000000000e+09 -9.470587440999999274e+00
5.518160000000000000e+09 -9.470158636000000740e+00
5.518240000000000000e+09 -9.471455452000000719e+00
5.518320000000000000e+09 -9.469391745999999443e+00
5.518400000000000000e+09 -9.472982801000000563e+00
5.518480000000000000e+09 -9.467426910000000362e+00
5.518560000000000000e+09 -9.467014720999999966e+00
5.518640000000000000e+09 -9.469300456999999227e+00
5.518720000000000000e+09 -9.473416562000000596e+00
5.518800000000000000e+09 -9.465652300000000352e+00
5.518880000000000000e+09 -9.465408177000000478e+00
5.518960000000000000e+09 -9.462577495999999755e+00
5.519040000000000000e+09 -9.462760619999999179e+00
5.519120000000000000e+09 -9.467351931999999692e+00
5.519200000000000000e+09 -9.466245673999999610e+00
5.519280000000000000e+09 -9.462672564000000008e+00
5.519360000000000000e+09 -9.464904312999999902e+00
5.519440000000000000e+09 -9.462981768000000571e+00
5.519520000000000000e+09 -9.463453038000000817e+00
5.519600000000000000e+09 -9.463654843000000483e+00
5.519680000000000000e+09 -9.460839707999999959e+00
5.519760000000000000e+09 -9.460694558000000143e+00
5.519840000000000000e+09 -9.462475510000000867e+00
5.519920000000000000e+09 -9.462767490999999254e+00
5.520000000000000000e+09 -9.462835187999999675e+00
