5.440000000000000000e+09 -9.305258473000000308e+00
5.440080000000000000e+09 -9.296541641999999328e+00
5.440160000000000000e+09 -9.294188717000000821e+00
5.440240000000000000e+09 -9.292692110999999144e+00
5.440320000000000000e+09 -9.291124225000000791e+00
5.440400000000000000e+09 -9.289366775999999604e+00
5.440480000000000000e+09 -9.289308459000000795e+00
5.440560000000000000e+09 -9.291038246999999473e+00
5.440640000000000000e+09 -9.290010828999999859e+00
5.440720000000000000e+09 -9.291491282999999157e+00
5.440800000000000000e+09 -9.291135308999999509e+00
5.440880000000000000e+09 -9.290368010999999981e+00
5.440960000000000000e+09 -9.290359421999999867e+00
5.441040000000000000e+09 -9.289473043999999291e+00
5.441120000000000000e+09 -9.290751461999999350e+00
5.441200000000000000e+09 -9.290507081999999528e+00
5.441280000000000000e+09 -9.290830467999999343e+00
5.441360000000000000e+09 -9.291265699000000211e+00
5.441440000000000000e+09 -9.290099255999999528e+00
5.441520000000000000e+09 -9.290248384999999942e+00
5.441600000000000000e+09 -9.291659566999999953e+00
5.441680000000000000e+09 -9.290561201999999241e+00
5.441760000000000000e+09 -9.293171309999999963e+00
5.441840000000000000e+09 -9.290342029999999696e+00
5.441920000000000000e+09 -9.289689596000000549e+00
5.442000000000000000e+09 -9.290673554999999695e+00
5.442080000000000000e+09 -9.291545921999999180e+00
5.442160000000000000e+09 -9.291289629999999633e+00
5.442240000000000000e+09 -9.292576759999999325e+00
5.442320000000000000e+09 -9.293828246000000348e+00
5.442400000000000000e+09 -9.294102846999999556e+00
5.442480000000000000e+09 -9.292886014000000472e+00
5.442560000000000000e+09 -9.291484700999999902e+00
5.442640000000000000e+09 -9.295217209000000480e+00
5.442720000000000000e+09 -9.294609643999999449e+00
5.442800000000000000e+09 -9.295364251000000522e+00
5.442880000000000000e+09 -9.294064849999999822e+00
5.442960000000000000e+09 -9.295531350999999276e+00
5.443040000000000000e+09 -9.295555762999999416e+00
5.443120000000000000e+09 -9.295271938000000844e+00
5.443200000000000000e+09 -9.295971940999999461e+00
5.443280000000000000e+09 -9.296801263000000759e+00
5.443360000000000000e+09 -9.298581654999999557e+00
5.443440000000000000e+09 -9.283752043999999870e+00
5.443520000000000000e+09 -9.299294659999999269e+00
5.443600000000000000e+09 -9.297484089999999313e+00
5.443680000000000000e+09 -9.298449356000000776e+00
5.443760000000000000e+09 -9.300252861000000593e+00
5.443840000000000000e+09 -9.300045388999999219e+00
5.443920000000000000e+09 -9.301074689000000006e+00
5.444000000000000000e+09 -9.299624555999999487e+00
5.444080000000000000e+09 -9.300411096999999572e+00
5.444160000000000000e+09 -9.300758813999999930e+00
5.444240000000000000e+09 -9.300587520000000552e+00
5.444320000000000000e+09 -9.300693102000000323e+00
5.444400000000000000e+09 -9.303531084999999479e+00
5.444480000000000000e+09 -9.303310361999999500e+00
5.444560000000000000e+09 -9.302386875999999916e+00
5.444640000000000000e+09 -9.304938183999999168e+00
5.444720000000000000e+09 -9.304780469000000664e+00
5.444800000000000000e+09 -9.305539489999999248e+00
5.444880000000000000e+09 -9.307503450000000456e+00
5.444960000000000000e+09 -9.307711744000000564e+00
5.445040000000000000e+09 -9.307174180000000518e+00
5.445120000000000000e+09 -9.307234482000000142e+00
5.445200000000000000e+09 -9.307414893000000689e+00
5.445280000000000000e+09 -9.308635865999999481e+00
5.445360000000000000e+09 -9.309340554000000267e+00
5.445440000000000000e+09 -9.309936833000000078e+00
5.445520000000000000e+09 -9.310636653999999623e+00
5.445600000000000000e+09 -9.311177671999999461e+00
5.445680000000000000e+09 -9.312773948000000246e+00
5.445760000000000000e+09 -9.314229339000000607e+00
5.445840000000000000e+09 -9.313609006000000079e+00
5.445920000000000000e+09 -9.314922718000000046e+00
5.446000000000000000e+09 -9.314645900000000367e+00
5.446080000000000000e+09 -9.315376993999999300e+00
5.446160000000000000e+09 -9.315760367999999403e+00
5.446240000000000000e+09 -9.315743978000000425e+00
5.446320000000000000e+09 -9.317469415999999782e+00
5.446400000000000000e+09 -9.318764793999999796e+00
5.446480000000000000e+09 -9.318841705000000530e+00
5.446560000000000000e+09 -9.316043217000000709e+00
5.446640000000000000e+09 -9.320130429000000660e+00
5.446720000000000000e+09 -9.321690372000000835e+00
5.446800000000000000e+09 -9.322646222999999566e+00
5.446880000000000000e+09 -9.323839280999999701e+00
5.446960000000000000e+09 -9.323569431999999324e+00
5.447040000000000000e+09 -9.325931367000000805e+00
5.447120000000000000e+09 -9.325269487999999996e+00
5.447200000000000000e+09 -9.325661273999999779e+00
5.447280000000000000e+09 -9.327250384999999255e+00
5.447360000000000000e+09 -9.328194653000000613e+00
5.447440000000000000e+09 -9.328208647000000298e+00
5.447520000000000000e+09 -9.329426417000000527e+00
5.447600000000000000e+09 -9.330376582999999613e+00
5.447680000000000000e+09 -9.331633070000000529e+00
5.447760000000000000e+09 -9.332712624999999207e+00
5.447840000000000000e+09 -9.332851473999999925e+00
5.447920000000000000e+09 -9.334572844000000202e+00
5.448000000000000000e+09 -9.335316625000000812e+00
5.448080000000000000e+09 -9.337515149999999764e+00
5.448160000000000000e+09 -9.336661604999999753e+00
5.448240000000000000e+09 -9.337924482000000026e+00
5.448320000000000000e+09 -9.339166784999999749e+00
5.448400000000000000e+09 -9.339209059999999951e+00
5.448480000000000000e+09 -9.339279846000000163e+00
5.448560000000000000e+09 -9.341058338999999933e+00
5.448640000000000000e+09 -9.342281030000000541e+00
5.448720000000000000e+09 -9.342491096999999911e+00
5.448800000000000000e+09 -9.343508164999999366e+00
5.448880000000000000e+09 -9.345069776000000772e+00
5.448960000000000000e+09 -9.345950569999999402e+00
5.449040000000000000e+09 -9.346974360999999121e+00
5.449120000000000000e+09 -9.349122944999999518e+00
5.449200000000000000e+09 -9.347797248999999198e+00
5.449280000000000000e+09 -9.348783118000000059e+00
5.449360000000000000e+09 -9.352284171999999174e+00
5.449440000000000000e+09 -9.350583955999999475e+00
5.449520000000000000e+09 -9.353124971999999815e+00
5.449600000000000000e+09 -9.354608831000000180e+00
5.449680000000000000e+09 -9.354839295999999749e+00
5.449760000000000000e+09 -9.355581010999999947e+00
5.449840000000000000e+09 -9.356668009999999924e+00
5.449920000000000000e+09 -9.356588367000000517e+00
5.450000000000000000e+09 -9.357401118000000295e+00
5.450080000000000000e+09 -9.358647689999999741e+00
5.450160000000000000e+09 -9.359789984000000729e+00
5.450240000000000000e+09 -9.360972169000000065e+00
5.450320000000000000e+09 -9.362665197000000106e+00
5.450400000000000000e+09 -9.364268788000000399e+00
5.450480000000000000e+09 -9.365133611999999275e+00
5.450560000000000000e+09 -9.365719456000000775e+00
5.450640000000000000e+09 -9.369495409000000663e+00
5.450720000000000000e+09 -9.368878603000000638e+00
5.450800000000000000e+09 -9.370432045999999460e+00
5.450880000000000000e+09 -9.371673185000000572e+00
5.450960000000000000e+09 -9.372135552999999675e+00
5.451040000000000000e+09 -9.372528560999999314e+00
5.451120000000000000e+09 -9.373591997000000120e+00
5.451200000000000000e+09 -9.374038460999999600e+00
5.451280000000000000e+09 -9.376857143000000505e+00
5.451360000000000000e+09 -9.376126046999999630e+00
5.451440000000000000e+09 -9.378531467000000177e+00
5.451520000000000000e+09 -9.379157097000000221e+00
5.451600000000000000e+09 -9.380020266000000717e+00
5.451680000000000000e+09 -9.381357794999999555e+00
5.451760000000000000e+09 -9.381943111000000002e+00
5.451840000000000000e+09 -9.385063382000000232e+00
5.451920000000000000e+09 -9.385651787000000468e+00
5.452000000000000000e+09 -9.385985618999999502e+00
5.452080000000000000e+09 -9.386441258999999704e+00
5.452160000000000000e+09 -9.387838277000000176e+00
5.452240000000000000e+09 -9.390217721000000850e+00
5.452320000000000000e+09 -9.390701622999999998e+00
5.452400000000000000e+09 -9.391596746999999468e+00
5.452480000000000000e+09 -9.393929084999999901e+00
5.452560000000000000e+09 -9.393936756000000443e+00
5.452640000000000000e+09 -9.398088038999999227e+00
5.452720000000000000e+09 -9.399569465000000790e+00
5.452800000000000000e+09 -9.399006020999999933e+00
5.452880000000000000e+09 -9.399460485000000531e+00
5.452960000000000000e+09 -9.401089016000000242e+00
5.453040000000000000e+09 -9.402181644000000560e+00
5.453120000000000000e+09 -9.403125857999999226e+00
5.453200000000000000e+09 -9.405921532000000695e+00
5.453280000000000000e+09 -9.408514415999999159e+00
5.453360000000000000e+09 -9.407677332000000447e+00
5.453440000000000000e+09 -9.408121379000000672e+00
5.453520000000000000e+09 -9.411570964999999234e+00
5.453600000000000000e+09 -9.412236110000000266e+00
5.453680000000000000e+09 -9.413322160999999966e+00
5.453760000000000000e+09 -9.413748986999999957e+00
5.453840000000000000e+09 -9.416616574000000739e+00
5.453920000000000000e+09 -9.419948950000000210e+00
5.454000000000000000e+09 -9.419121662000000228e+00
5.454080000000000000e+09 -9.420518496999999769e+00
5.454160000000000000e+09 -9.421903434000000743e+00
5.454240000000000000e+09 -9.424018330000000887e+00
5.454320000000000000e+09 -9.424335492999999175e+00
5.454400000000000000e+09 -9.426127523999999980e+00
5.454480000000000000e+09 -9.426453796000000551e+00
5.454560000000000000e+09 -9.430436203999999378e+00
5.454640000000000000e+09 -9.430848155999999705e+00
5.454720000000000000e+09 -9.432366406999999953e+00
5.454800000000000000e+09 -9.433038914000000830e+00
5.454880000000000000e+09 -9.434202511000000513e+00
5.454960000000000000e+09 -9.435973208000000056e+00
5.455040000000000000e+09 -9.438296170999999291e+00
5.455120000000000000e+09 -9.440388492000000298e+00
5.455200000000000000e+09 -9.442281378000000558e+00
5.455280000000000000e+09 -9.444011345999999918e+00
5.455360000000000000e+09 -9.444359782999999453e+00
5.455440000000000000e+09 -9.446280142999999185e+00
5.455520000000000000e+09 -9.449022708999999409e+00
5.455600000000000000e+09 -9.450672519999999466e+00
5.455680000000000000e+09 -9.451891528000000875e+00
5.455760000000000000e+09 -9.453520167000000640e+00
5.455840000000000000e+09 -9.455015939999999119e+00
5.455920000000000000e+09 -9.456333130000000864e+00
5.456000000000000000e+09 -9.457067540000000605e+00
5.456080000000000000e+09 -9.459192544000000424e+00
5.456160000000000000e+09 -9.459496121000000812e+00
5.456240000000000000e+09 -9.462722225000000265e+00
5.456320000000000000e+09 -9.463947332000000046e+00
5.456400000000000000e+09 -9.465888570000000612e+00
5.456480000000000000e+09 -9.467875774999999550e+00
5.456560000000000000e+09 -9.468595589999999618e+00
5.456640000000000000e+09 -9.472323596000000734e+00
5.456720000000000000e+09 -9.472535663000000383e+00
5.456800000000000000e+09 -9.475308154000000371e+00
5.456880000000000000e+09 -9.476962305000000697e+00
5.456960000000000000e+09 -9.479410168999999442e+00
5.457040000000000000e+09 -9.480281759000000363e+00
5.457120000000000000e+09 -9.480635317999999145e+00
5.457200000000000000e+09 -9.484397014000000681e+00
5.457280000000000000e+09 -9.485774045999999515e+00
5.457360000000000000e+09 -9.487980570999999586e+00
5.457440000000000000e+09 -9.488677105000000722e+00
5.457520000000000000e+09 -9.490802538000000510e+00
5.457600000000000000e+09 -9.493309659999999539e+00
5.457680000000000000e+09 -9.494606187000000475e+00
5.457760000000000000e+09 -9.497168501000000873e+00
5.457840000000000000e+09 -9.499187351999999862e+00
5.457920000000000000e+09 -9.499636389999999153e+00
5.458000000000000000e+09 -9.502334276999999219e+00
5.458080000000000000e+09 -9.503228253999999708e+00
5.458160000000000000e+09 -9.504889853999999971e+00
5.458240000000000000e+09 -9.507425544000000173e+00
5.458320000000000000e+09 -9.507945385999999388e+00
5.458400000000000000e+09 -9.512172187999999196e+00
5.458480000000000000e+09 -9.512808253999999408e+00
5.458560000000000000e+09 -9.515304401999999939e+00
5.458640000000000000e+09 -9.516844916000000154e+00
5.458720000000000000e+09 -9.519390452999999752e+00
5.458800000000000000e+09 -9.521012542999999440e+00
5.458880000000000000e+09 -9.522551366000000073e+00
5.458960000000000000e+09 -9.524152312000000009e+00
5.459040000000000000e+09 -9.525473350000000394e+00
5.459120000000000000e+09 -9.528938979999999503e+00
5.459200000000000000e+09 -9.531737383999999480e+00
5.459280000000000000e+09 -9.533331017000000074e+00
5.459360000000000000e+09 -9.535238323999999821e+00
5.459440000000000000e+09 -9.538444224999999221e+00
5.459520000000000000e+09 -9.539361881999999682e+00
5.459600000000000000e+09 -9.541556959999999421e+00
5.459680000000000000e+09 -9.543334170999999699e+00
5.459760000000000000e+09 -9.544486218999999494e+00
5.459840000000000000e+09 -9.546817366999999166e+00
5.459920000000000000e+09 -9.549062976000000091e+00
5.460000000000000000e+09 -9.550996786000000682e+00
5.460080000000000000e+09 -9.552974444000000176e+00
5.460160000000000000e+09 -9.555577745000000789e+00
5.460240000000000000e+09 -9.558919249000000562e+00
5.460320000000000000e+09 -9.559467220000000154e+00
5.460400000000000000e+09 -9.562606108000000660e+00
5.460480000000000000e+09 -9.566105735000000720e+00
5.460560000000000000e+09 -9.566634511000000174e+00
5.460640000000000000e+09 -9.569297162999999884e+00
5.460720000000000000e+09 -9.570473859999999888e+00
5.460800000000000000e+09 -9.571579954000000612e+00
5.460880000000000000e+09 -9.573363721999999854e+00
5.460960000000000000e+09 -9.577205084999999229e+00
5.461040000000000000e+09 -9.578844003000000384e+00
5.461120000000000000e+09 -9.581205383000000353e+00
5.461200000000000000e+09 -9.583912808999999200e+00
5.461280000000000000e+09 -9.585640731999999886e+00
5.461360000000000000e+09 -9.587631752000000063e+00
5.461440000000000000e+09 -9.589742357000000439e+00
5.461520000000000000e+09 -9.591635106000000022e+00
5.461600000000000000e+09 -9.593663736999999969e+00
5.461680000000000000e+09 -9.596708157000000128e+00
5.461760000000000000e+09 -9.598960185999999339e+00
5.461840000000000000e+09 -9.600965143999999896e+00
5.461920000000000000e+09 -9.604466499000000823e+00
5.462000000000000000e+09 -9.605000879000000324e+00
5.462080000000000000e+09 -9.607512055999999134e+00
5.462160000000000000e+09 -9.610671235999999951e+00
5.462240000000000000e+09 -9.612498979999999804e+00
5.462320000000000000e+09 -9.615832947999999547e+00
5.462400000000000000e+09 -9.618096252999999152e+00
5.462480000000000000e+09 -9.621105299999999971e+00
5.462560000000000000e+09 -9.624305791999999471e+00
5.462640000000000000e+09 -9.625225660999999988e+00
5.462720000000000000e+09 -9.626838397000000214e+00
5.462800000000000000e+09 -9.632025210000000115e+00
5.462880000000000000e+09 -9.634012912999999401e+00
5.462960000000000000e+09 -9.637528662999999440e+00
5.463040000000000000e+09 -9.638074209999999198e+00
5.463120000000000000e+09 -9.641251599000000283e+00
5.463200000000000000e+09 -9.642487898000000612e+00
5.463280000000000000e+09 -9.646688388999999475e+00
5.463360000000000000e+09 -9.648594296000000625e+00
5.463440000000000000e+09 -9.651010090999999846e+00
5.463520000000000000e+09 -9.656159260000000799e+00
5.463600000000000000e+09 -9.656924417000000815e+00
5.463680000000000000e+09 -9.659531760000000133e+00
5.463760000000000000e+09 -9.661493055999999413e+00
5.463840000000000000e+09 -9.664583173000000471e+00
5.463920000000000000e+09 -9.667742667000000623e+00
5.464000000000000000e+09 -9.668466559000000515e+00
5.464080000000000000e+09 -9.673622303000000144e+00
5.464160000000000000e+09 -9.676200746999999325e+00
5.464240000000000000e+09 -9.679876661999999854e+00
5.464320000000000000e+09 -9.681445128000000011e+00
5.464400000000000000e+09 -9.684320499000000027e+00
5.464480000000000000e+09 -9.686549636000000518e+00
5.464560000000000000e+09 -9.690992073000000318e+00
5.464640000000000000e+09 -9.694216348999999511e+00
5.464720000000000000e+09 -9.698574217999999192e+00
5.464800000000000000e+09 -9.698773882999999429e+00
5.464880000000000000e+09 -9.702763687999999220e+00
5.464960000000000000e+09 -9.705248883999999521e+00
5.465040000000000000e+09 -9.708549987999999686e+00
5.465120000000000000e+09 -9.711911386000000590e+00
5.465200000000000000e+09 -9.714032998000000418e+00
5.465280000000000000e+09 -9.717920513999999343e+00
5.465360000000000000e+09 -9.720507830000000737e+00
5.465440000000000000e+09 -9.726421483999999396e+00
5.465520000000000000e+09 -9.729504219000000731e+00
5.465600000000000000e+09 -9.732941801999999143e+00
5.465680000000000000e+09 -9.735668117999999538e+00
5.465760000000000000e+09 -9.740354383999999754e+00
5.465840000000000000e+09 -9.744265915999999805e+00
5.465920000000000000e+09 -9.744096761999999856e+00
5.466000000000000000e+09 -9.750304479000000413e+00
5.466080000000000000e+09 -9.753640364000000673e+00
5.466160000000000000e+09 -9.758570466000000110e+00
5.466240000000000000e+09 -9.760328268000000307e+00
5.466320000000000000e+09 -9.766295083999999349e+00
5.466400000000000000e+09 -9.769761196999999342e+00
5.466480000000000000e+09 -9.774275234999999284e+00
5.466560000000000000e+09 -9.776439023000000006e+00
5.466640000000000000e+09 -9.781954971999999415e+00
5.466720000000000000e+09 -9.783466149000000556e+00
5.466800000000000000e+09 -9.788270559000000759e+00
5.466880000000000000e+09 -9.791055052000000813e+00
5.466960000000000000e+09 -9.795300639000000587e+00
5.467040000000000000e+09 -9.799844258000000252e+00
5.467120000000000000e+09 -9.804216778000000687e+00
5.467200000000000000e+09 -9.809099963999999616e+00
5.467280000000000000e+09 -9.812485862999999142e+00
5.467360000000000000e+09 -9.819863442999999137e+00
5.467440000000000000e+09 -9.822728990999999965e+00
5.467520000000000000e+09 -9.827746851000000561e+00
5.467600000000000000e+09 -9.833321751999999805e+00
5.467680000000000000e+09 -9.836163992999999550e+00
5.467760000000000000e+09 -9.840208424000000065e+00
5.467840000000000000e+09 -9.846641471999999951e+00
5.467920000000000000e+09 -9.852058418000000373e+00
5.468000000000000000e+09 -9.856109838000000067e+00
5.468080000000000000e+09 -9.860660493999999332e+00
5.468160000000000000e+09 -9.866495011999999676e+00
5.468240000000000000e+09 -9.872540546999999833e+00
5.468320000000000000e+09 -9.877805990000000591e+00
5.468400000000000000e+09 -9.882095902999999737e+00
5.468480000000000000e+09 -9.888147976999999145e+00
5.468560000000000000e+09 -9.892855923999999135e+00
5.468640000000000000e+09 -9.898421198999999504e+00
5.468720000000000000e+09 -9.905099952000000485e+00
5.468800000000000000e+09 -9.910909838000000249e+00
5.468880000000000000e+09 -9.917777574000000484e+00
5.468960000000000000e+09 -9.922959778999999259e+00
5.469040000000000000e+09 -9.930454068999999606e+00
5.469120000000000000e+09 -9.935503419999999863e+00
5.469200000000000000e+09 -9.941491631999999967e+00
5.469280000000000000e+09 -9.947422433999999924e+00
5.469360000000000000e+09 -9.955035693999999324e+00
5.469440000000000000e+09 -9.961218806999999842e+00
5.469520000000000000e+09 -9.970399113999999230e+00
5.469600000000000000e+09 -9.976257900000000234e+00
5.469680000000000000e+09 -9.983755688000000461e+00
5.469760000000000000e+09 -9.990230056999999775e+00
5.469840000000000000e+09 -9.998928683000000817e+00
5.469920000000000000e+09 -1.000782006999999929e+01
5.470000000000000000e+09 -1.001575455000000048e+01
5.470080000000000000e+09 -1.002168799000000021e+01
5.470160000000000000e+09 -1.003055759000000080e+01
5.470240000000000000e+09 -1.003876625000000011e+01
5.470320000000000000e+09 -1.004748928000000063e+01
5.470400000000000000e+09 -1.005659756000000016e+01
5.470480000000000000e+09 -1.006504059999999967e+01
5.470560000000000000e+09 -1.007291644999999924e+01
5.470640000000000000e+09 -1.008319091000000078e+01
5.470720000000000000e+09 -1.009262129000000030e+01
5.470800000000000000e+09 -1.010141357000000006e+01
5.470880000000000000e+09 -1.011083885000000038e+01
5.470960000000000000e+09 -1.012091043000000035e+01
5.471040000000000000e+09 -1.013032783999999964e+01
5.471120000000000000e+09 -1.014304023000000043e+01
5.471200000000000000e+09 -1.015289815000000040e+01
5.471280000000000000e+09 -1.016483108000000080e+01
5.471360000000000000e+09 -1.017632872999999982e+01
5.471440000000000000e+09 -1.018776541999999985e+01
5.471520000000000000e+09 -1.020036282000000050e+01
5.471600000000000000e+09 -1.021230356000000050e+01
5.471680000000000000e+09 -1.022445878000000086e+01
5.471760000000000000e+09 -1.023799048999999961e+01
5.471840000000000000e+09 -1.025104943000000013e+01
5.471920000000000000e+09 -1.026521731999999965e+01
5.472000000000000000e+09 -1.027889970000000019e+01
5.472080000000000000e+09 -1.029335204999999931e+01
5.472160000000000000e+09 -1.030806897999999983e+01
5.472240000000000000e+09 -1.032320179999999965e+01
5.472320000000000000e+09 -1.033764414999999914e+01
5.472400000000000000e+09 -1.035300718999999958e+01
5.472480000000000000e+09 -1.037075119000000001e+01
5.472560000000000000e+09 -1.038754624999999976e+01
5.472640000000000000e+09 -1.040390928000000059e+01
5.472720000000000000e+09 -1.042175298000000083e+01
5.472800000000000000e+09 -1.043989614000000010e+01
5.472880000000000000e+09 -1.045791258999999940e+01
5.472960000000000000e+09 -1.047821734999999954e+01
5.473040000000000000e+09 -1.049805686999999921e+01
5.473120000000000000e+09 -1.051791071000000066e+01
5.473200000000000000e+09 -1.053866056000000029e+01
5.473280000000000000e+09 -1.056069248999999921e+01
5.473360000000000000e+09 -1.058294051000000024e+01
5.473440000000000000e+09 -1.060668204000000081e+01
5.473520000000000000e+09 -1.063117581000000023e+01
5.473600000000000000e+09 -1.065556353000000023e+01
5.473680000000000000e+09 -1.067916119999999935e+01
5.473760000000000000e+09 -1.070553577999999995e+01
5.473840000000000000e+09 -1.073115368000000025e+01
5.473920000000000000e+09 -1.075891155000000055e+01
5.474000000000000000e+09 -1.078636065999999971e+01
5.474080000000000000e+09 -1.081597533999999960e+01
5.474160000000000000e+09 -1.084413647000000047e+01
5.474240000000000000e+09 -1.087693864000000055e+01
5.474320000000000000e+09 -1.090853320999999987e+01
5.474400000000000000e+09 -1.094048390000000026e+01
5.474480000000000000e+09 -1.097308643999999944e+01
5.474560000000000000e+09 -1.100731496000000043e+01
5.474640000000000000e+09 -1.104345960000000026e+01
5.474720000000000000e+09 -1.107968879000000051e+01
5.474800000000000000e+09 -1.111419382000000056e+01
5.474880000000000000e+09 -1.115435118999999986e+01
5.474960000000000000e+09 -1.119261380000000017e+01
5.475040000000000000e+09 -1.123297969000000052e+01
5.475120000000000000e+09 -1.127193495000000034e+01
5.475200000000000000e+09 -1.131467179000000023e+01
5.475280000000000000e+09 -1.135624194999999936e+01
5.475360000000000000e+09 -1.140039529000000051e+01
5.475440000000000000e+09 -1.144217465999999916e+01
5.475520000000000000e+09 -1.148795450999999979e+01
5.475600000000000000e+09 -1.153314048000000014e+01
5.475680000000000000e+09 -1.157997834999999931e+01
5.475760000000000000e+09 -1.162595074999999945e+01
5.475840000000000000e+09 -1.167336584999999971e+01
5.475920000000000000e+09 -1.171988978999999986e+01
5.476000000000000000e+09 -1.176758051999999921e+01
5.476080000000000000e+09 -1.181367415000000065e+01
5.476160000000000000e+09 -1.186009085000000063e+01
5.476240000000000000e+09 -1.190536597000000008e+01
5.476320000000000000e+09 -1.195153950999999992e+01
5.476400000000000000e+09 -1.199619408999999948e+01
5.476480000000000000e+09 -1.203891514000000029e+01
5.476560000000000000e+09 -1.208100725999999980e+01
5.476640000000000000e+09 -1.212115952000000085e+01
5.476720000000000000e+09 -1.215762894000000038e+01
5.476800000000000000e+09 -1.219405154000000024e+01
5.476880000000000000e+09 -1.222542999999999935e+01
5.476960000000000000e+09 -1.225774441999999986e+01
5.477040000000000000e+09 -1.228387093000000085e+01
5.477120000000000000e+09 -1.230731143000000039e+01
5.477200000000000000e+09 -1.232860800999999995e+01
5.477280000000000000e+09 -1.234553954999999981e+01
5.477360000000000000e+09 -1.235832118000000079e+01
5.477440000000000000e+09 -1.236444638999999945e+01
5.477520000000000000e+09 -1.236909464999999919e+01
5.477600000000000000e+09 -1.236961632999999949e+01
5.477680000000000000e+09 -1.236301970999999966e+01
5.477760000000000000e+09 -1.235506658000000080e+01
5.477840000000000000e+09 -1.234157964999999990e+01
5.477920000000000000e+09 -1.232438469999999953e+01
5.478000000000000000e+09 -1.230049072000000088e+01
5.478080000000000000e+09 -1.227257572999999979e+01
5.478160000000000000e+09 -1.224265267000000001e+01
5.478240000000000000e+09 -1.220749198000000035e+01
5.478320000000000000e+09 -1.217166914999999960e+01
5.478400000000000000e+09 -1.212941228999999943e+01
5.478480000000000000e+09 -1.208495753000000050e+01
5.478560000000000000e+09 -1.203923325999999960e+01
5.478640000000000000e+09 -1.198753248000000049e+01
5.478720000000000000e+09 -1.193462051000000024e+01
5.478800000000000000e+09 -1.188188725999999917e+01
5.478880000000000000e+09 -1.182609187999999989e+01
5.478960000000000000e+09 -1.176919335999999916e+01
5.479040000000000000e+09 -1.171018545000000088e+01
5.479120000000000000e+09 -1.165151782000000047e+01
5.479200000000000000e+09 -1.159311265000000013e+01
5.479280000000000000e+09 -1.153115689999999915e+01
5.479360000000000000e+09 -1.147115475999999923e+01
5.479440000000000000e+09 -1.141253908000000017e+01
5.479520000000000000e+09 -1.135268914000000073e+01
5.479600000000000000e+09 -1.129236455999999933e+01
5.479680000000000000e+09 -1.123137608999999948e+01
5.479760000000000000e+09 -1.117207619999999935e+01
5.479840000000000000e+09 -1.111418669999999942e+01
5.479920000000000000e+09 -1.105635836999999988e+01
5.480000000000000000e+09 -1.100107434000000062e+01
5.480080000000000000e+09 -1.094789560999999978e+01
5.480160000000000000e+09 -1.089013064999999969e+01
5.480240000000000000e+09 -1.083931630000000013e+01
5.480320000000000000e+09 -1.078795745999999944e+01
5.480400000000000000e+09 -1.073770739999999968e+01
5.480480000000000000e+09 -1.068863827999999927e+01
5.480560000000000000e+09 -1.064126145000000001e+01
5.480640000000000000e+09 -1.059265495000000001e+01
5.480720000000000000e+09 -1.054858577999999980e+01
5.480800000000000000e+09 -1.050455099999999931e+01
5.480880000000000000e+09 -1.046092823999999943e+01
5.480960000000000000e+09 -1.042015224000000018e+01
5.481040000000000000e+09 -1.038125177999999948e+01
5.481120000000000000e+09 -1.034192625999999926e+01
5.481200000000000000e+09 -1.030313742000000055e+01
5.481280000000000000e+09 -1.026691339999999997e+01
5.481360000000000000e+09 -1.023175115999999996e+01
5.481440000000000000e+09 -1.019987620000000028e+01
5.481520000000000000e+09 -1.016616894000000038e+01
5.481600000000000000e+09 -1.013583389999999973e+01
5.481680000000000000e+09 -1.010673779999999944e+01
5.481760000000000000e+09 -1.007692620000000083e+01
5.481840000000000000e+09 -1.004744215999999923e+01
5.481920000000000000e+09 -1.002067979000000086e+01
5.482000000000000000e+09 -9.995128125999999114e+00
5.482080000000000000e+09 -9.969715089999999336e+00
5.482160000000000000e+09 -9.945792818999999341e+00
5.482240000000000000e+09 -9.921340388000000843e+00
5.482320000000000000e+09 -9.900056799999999768e+00
5.482400000000000000e+09 -9.880090307999999766e+00
5.482480000000000000e+09 -9.860227760000000785e+00
5.482560000000000000e+09 -9.840445711999999290e+00
5.482640000000000000e+09 -9.819289507000000583e+00
5.482720000000000000e+09 -9.801780387999999178e+00
5.482800000000000000e+09 -9.786318593000000732e+00
5.482880000000000000e+09 -9.768166148000000604e+00
5.482960000000000000e+09 -9.751717574000000610e+00
5.483040000000000000e+09 -9.734614777999999191e+00
5.483120000000000000e+09 -9.721635271000000245e+00
5.483200000000000000e+09 -9.706855744000000286e+00
5.483280000000000000e+09 -9.694690967999999742e+00
5.483360000000000000e+09 -9.680661341000000419e+00
5.483440000000000000e+09 -9.666676035000000056e+00
5.483520000000000000e+09 -9.656274015999999349e+00
5.483600000000000000e+09 -9.646694288000000839e+00
5.483680000000000000e+09 -9.633385105000000337e+00
5.483760000000000000e+09 -9.622304686999999745e+00
5.483840000000000000e+09 -9.613221920000000864e+00
5.483920000000000000e+09 -9.602087957000000173e+00
5.484000000000000000e+09 -9.592896260999999924e+00
5.484080000000000000e+09 -9.584022162000000122e+00
5.484160000000000000e+09 -9.574206460999999280e+00
5.484240000000000000e+09 -9.567037009999999952e+00
5.484320000000000000e+09 -9.558939954999999600e+00
5.484400000000000000e+09 -9.551265084000000627e+00
5.484480000000000000e+09 -9.543386569000000819e+00
5.484560000000000000e+09 -9.535837709999999134e+00
5.484640000000000000e+09 -9.528388078000000760e+00
5.484720000000000000e+09 -9.522460365000000593e+00
5.484800000000000000e+09 -9.514680964000000074e+00
5.484880000000000000e+09 -9.510144434000000757e+00
5.484960000000000000e+09 -9.504547727000000279e+00
5.485040000000000000e+09 -9.499745135999999590e+00
5.485120000000000000e+09 -9.493114515000000253e+00
5.485200000000000000e+09 -9.487421527000000410e+00
5.485280000000000000e+09 -9.481938667999999737e+00
5.485360000000000000e+09 -9.476414038999999789e+00
5.485440000000000000e+09 -9.472172028999999327e+00
5.485520000000000000e+09 -9.469565976000000163e+00
5.485600000000000000e+09 -9.464867074000000713e+00
5.485680000000000000e+09 -9.461489364000000180e+00
5.485760000000000000e+09 -9.455627142000000873e+00
5.485840000000000000e+09 -9.453182445999999572e+00
5.485920000000000000e+09 -9.448981850999999210e+00
5.486000000000000000e+09 -9.446040729999999996e+00
5.486080000000000000e+09 -9.442991770000000784e+00
5.486160000000000000e+09 -9.438631039000000555e+00
5.486240000000000000e+09 -9.436214459000000332e+00
5.486320000000000000e+09 -9.431845712999999520e+00
5.486400000000000000e+09 -9.431397396999999572e+00
5.486480000000000000e+09 -9.427961271999999227e+00
5.486560000000000000e+09 -9.425925387999999572e+00
5.486640000000000000e+09 -9.422805830999999799e+00
5.486720000000000000e+09 -9.420177350999999533e+00
5.486800000000000000e+09 -9.418693253000000709e+00
5.486880000000000000e+09 -9.416345673000000360e+00
5.486960000000000000e+09 -9.414479954999999123e+00
5.487040000000000000e+09 -9.411501389999999745e+00
5.487120000000000000e+09 -9.410361297999999763e+00
5.487200000000000000e+09 -9.407099962000000204e+00
5.487280000000000000e+09 -9.405961801000000122e+00
5.487360000000000000e+09 -9.405299507000000503e+00
5.487440000000000000e+09 -9.402924459999999485e+00
5.487520000000000000e+09 -9.401383679000000271e+00
5.487600000000000000e+09 -9.399455820000000017e+00
5.487680000000000000e+09 -9.397489586000000727e+00
5.487760000000000000e+09 -9.396830003999999903e+00
5.487840000000000000e+09 -9.394656824000000128e+00
5.487920000000000000e+09 -9.394542662999999294e+00
5.488000000000000000e+09 -9.392714463000000791e+00
5.488080000000000000e+09 -9.390664934000000130e+00
5.488160000000000000e+09 -9.390834507999999303e+00
5.488240000000000000e+09 -9.388452308999999829e+00
5.488320000000000000e+09 -9.388590116999999680e+00
5.488400000000000000e+09 -9.387988423999999554e+00
5.488480000000000000e+09 -9.387242638000000028e+00
5.488560000000000000e+09 -9.385595876000000004e+00
5.488640000000000000e+09 -9.385635556000000435e+00
5.488720000000000000e+09 -9.384230398999999778e+00
5.488800000000000000e+09 -9.383997988000000845e+00
5.488880000000000000e+09 -9.382923088000000078e+00
5.488960000000000000e+09 -9.382511083000000696e+00
5.489040000000000000e+09 -9.380781966000000693e+00
5.489120000000000000e+09 -9.380823437000000098e+00
5.489200000000000000e+09 -9.380364948000000425e+00
5.489280000000000000e+09 -9.380169177000000857e+00
5.489360000000000000e+09 -9.378090153000000484e+00
5.489440000000000000e+09 -9.379511377000000039e+00
5.489520000000000000e+09 -9.379755613000000380e+00
5.489600000000000000e+09 -9.378626294000000030e+00
5.489680000000000000e+09 -9.378038374000000843e+00
5.489760000000000000e+09 -9.378106640000000382e+00
5.489840000000000000e+09 -9.378394332999999250e+00
5.489920000000000000e+09 -9.378110524000000225e+00
5.490000000000000000e+09 -9.376543845000000488e+00
5.490080000000000000e+09 -9.378006030999999965e+00
5.490160000000000000e+09 -9.375563675000000430e+00
5.490240000000000000e+09 -9.376693344999999624e+00
5.490320000000000000e+09 -9.377318876000000358e+00
5.490400000000000000e+09 -9.375795165999999625e+00
5.490480000000000000e+09 -9.377415977000000069e+00
5.490560000000000000e+09 -9.375722542000000104e+00
5.490640000000000000e+09 -9.378409430999999685e+00
5.490720000000000000e+09 -9.377200307000000734e+00
5.490800000000000000e+09 -9.377191961999999492e+00
5.490880000000000000e+09 -9.376797806000000790e+00
5.490960000000000000e+09 -9.377634240000000787e+00
5.491040000000000000e+09 -9.376313076000000635e+00
5.491120000000000000e+09 -9.375887939000000060e+00
5.491200000000000000e+09 -9.375845547000000835e+00
5.491280000000000000e+09 -9.376637035999999981e+00
5.491360000000000000e+09 -9.376799645000000183e+00
5.491440000000000000e+09 -9.378253342000000714e+00
5.491520000000000000e+09 -9.378914447999999737e+00
5.491600000000000000e+09 -9.378727718000000380e+00
5.491680000000000000e+09 -9.378497165000000635e+00
5.491760000000000000e+09 -9.379604560000000646e+00
5.491840000000000000e+09 -9.378342918999999611e+00
5.491920000000000000e+09 -9.378513186999999363e+00
5.492000000000000000e+09 -9.378733989000000548e+00
5.492080000000000000e+09 -9.379017226000000207e+00
5.492160000000000000e+09 -9.379802799000000135e+00
5.492240000000000000e+09 -9.381737212000000881e+00
5.492320000000000000e+09 -9.381751811000000885e+00
5.492400000000000000e+09 -9.382218444999999463e+00
5.492480000000000000e+09 -9.383104291000000430e+00
5.492560000000000000e+09 -9.383069198999999472e+00
5.492640000000000000e+09 -9.382424558000000303e+00
5.492720000000000000e+09 -9.380759548000000336e+00
5.492800000000000000e+09 -9.381008702000000810e+00
5.492880000000000000e+09 -9.382258703999999838e+00
5.492960000000000000e+09 -9.382821613000000838e+00
5.493040000000000000e+09 -9.382297382999999158e+00
5.493120000000000000e+09 -9.385426665000000668e+00
5.493200000000000000e+09 -9.384330228999999690e+00
5.493280000000000000e+09 -9.386460077000000624e+00
5.493360000000000000e+09 -9.383621892000000742e+00
5.493440000000000000e+09 -9.387792269000000189e+00
5.493520000000000000e+09 -9.387496452000000602e+00
5.493600000000000000e+09 -9.388579177000000442e+00
5.493680000000000000e+09 -9.386263511999999309e+00
5.493760000000000000e+09 -9.387962926000000152e+00
5.493840000000000000e+09 -9.386604879000000068e+00
5.493920000000000000e+09 -9.390636476999999260e+00
5.494000000000000000e+09 -9.389619004000000047e+00
5.494080000000000000e+09 -9.390328088000000406e+00
5.494160000000000000e+09 -9.390893551999999644e+00
5.494240000000000000e+09 -9.392658987000000792e+00
5.494320000000000000e+09 -9.393544152000000480e+00
5.494400000000000000e+09 -9.396038790000000418e+00
5.494480000000000000e+09 -9.394054442999999921e+00
5.494560000000000000e+09 -9.394535494999999514e+00
5.494640000000000000e+09 -9.396149483000000302e+00
5.494720000000000000e+09 -9.394964776000000128e+00
5.494800000000000000e+09 -9.395524314999999405e+00
5.494880000000000000e+09 -9.398166916999999287e+00
5.494960000000000000e+09 -9.397451032999999398e+00
5.495040000000000000e+09 -9.399384698000000427e+00
5.495120000000000000e+09 -9.400552283999999759e+00
5.495200000000000000e+09 -9.400773085999999168e+00
5.495280000000000000e+09 -9.401764717000000715e+00
5.495360000000000000e+09 -9.401033012999999272e+00
5.495440000000000000e+09 -9.403090370999999337e+00
5.495520000000000000e+09 -9.402740895000000876e+00
5.495600000000000000e+09 -9.404212065999999481e+00
5.495680000000000000e+09 -9.403801079999999146e+00
5.495760000000000000e+09 -9.405305557000000150e+00
5.495840000000000000e+09 -9.405685819000000336e+00
5.495920000000000000e+09 -9.407204917999999694e+00
5.496000000000000000e+09 -9.405340289999999825e+00
5.496080000000000000e+09 -9.406881222000000875e+00
5.496160000000000000e+09 -9.408746969999999266e+00
5.496240000000000000e+09 -9.409858397000000707e+00
5.496320000000000000e+09 -9.411191962000000188e+00
5.496400000000000000e+09 -9.411961481000000518e+00
5.496480000000000000e+09 -9.411644203999999903e+00
5.496560000000000000e+09 -9.412656360999999805e+00
5.496640000000000000e+09 -9.413869075999999225e+00
5.496720000000000000e+09 -9.414357536000000692e+00
5.496800000000000000e+09 -9.415094723999999360e+00
5.496880000000000000e+09 -9.415467910000000273e+00
5.496960000000000000e+09 -9.417917615000000353e+00
5.497040000000000000e+09 -9.418144270999999179e+00
5.497120000000000000e+09 -9.417599975999999984e+00
5.497200000000000000e+09 -9.418223681000000624e+00
5.497280000000000000e+09 -9.420798191999999460e+00
5.497360000000000000e+09 -9.421118213999999824e+00
5.497440000000000000e+09 -9.421226435999999538e+00
5.497520000000000000e+09 -9.421686198999999817e+00
5.497600000000000000e+09 -9.424771423999999342e+00
5.497680000000000000e+09 -9.424085636999999238e+00
5.497760000000000000e+09 -9.425637594999999536e+00
5.497840000000000000e+09 -9.426311755000000403e+00
5.497920000000000000e+09 -9.425796402999999657e+00
5.498000000000000000e+09 -9.427806615999999806e+00
5.498080000000000000e+09 -9.429061431999999243e+00
5.498160000000000000e+09 -9.429715165999999371e+00
5.498240000000000000e+09 -9.431610387999999290e+00
5.498320000000000000e+09 -9.432052035999999973e+00
5.498400000000000000e+09 -9.432900126999999912e+00
5.498480000000000000e+09 -9.433898804000000027e+00
5.498560000000000000e+09 -9.434590153000000257e+00
5.498640000000000000e+09 -9.434605425999999184e+00
5.498720000000000000e+09 -9.435848970000000335e+00
5.498800000000000000e+09 -9.436471274000000520e+00
5.498880000000000000e+09 -9.438331724999999395e+00
5.498960000000000000e+09 -9.438934782000000467e+00
5.499040000000000000e+09 -9.438537488999999781e+00
5.499120000000000000e+09 -9.439725913000000190e+00
5.499200000000000000e+09 -9.441734841000000600e+00
5.499280000000000000e+09 -9.442451065000000199e+00
5.499360000000000000e+09 -9.442680671999999831e+00
5.499440000000000000e+09 -9.442731007000000787e+00
5.499520000000000000e+09 -9.444189094000000395e+00
5.499600000000000000e+09 -9.443760087999999442e+00
5.499680000000000000e+09 -9.445160845000000194e+00
5.499760000000000000e+09 -9.446765129999999289e+00
5.499840000000000000e+09 -9.447081127000000578e+00
5.499920000000000000e+09 -9.448766165000000328e+00
5.500000000000000000e+09 -9.449217622999999122e+00
5.500080000000000000e+09 -9.451160347000000073e+00
5.500160000000000000e+09 -9.450504257000000408e+00
5.500240000000000000e+09 -9.450860628999999236e+00
5.500320000000000000e+09 -9.453255603000000562e+00
5.500400000000000000e+09 -9.454320089999999510e+00
5.500480000000000000e+09 -9.455458693000000636e+00
5.500560000000000000e+09 -9.455796122000000636e+00
5.500640000000000000e+09 -9.457441725000000687e+00
5.500720000000000000e+09 -9.457542228999999523e+00
5.500800000000000000e+09 -9.457785464000000530e+00
5.500880000000000000e+09 -9.459109784000000687e+00
5.500960000000000000e+09 -9.460101098000000874e+00
5.501040000000000000e+09 -9.461232576000000449e+00
5.501120000000000000e+09 -9.462882825999999525e+00
5.501200000000000000e+09 -9.464353442000000172e+00
5.501280000000000000e+09 -9.465236122000000307e+00
5.501360000000000000e+09 -9.466021953000000266e+00
5.501440000000000000e+09 -9.467281548000000768e+00
5.501520000000000000e+09 -9.468569012999999757e+00
5.501600000000000000e+09 -9.466604339999999951e+00
5.501680000000000000e+09 -9.467965709999999646e+00
5.501760000000000000e+09 -9.468688646000000375e+00
5.501840000000000000e+09 -9.470106393000000011e+00
5.501920000000000000e+09 -9.473147674999999879e+00
5.502000000000000000e+09 -9.473123733999999629e+00
5.502080000000000000e+09 -9.473253195999999932e+00
5.502160000000000000e+09 -9.474176290999999139e+00
5.502240000000000000e+09 -9.475530136999999797e+00
5.502320000000000000e+09 -9.474510092999999245e+00
5.502400000000000000e+09 -9.476834786999999594e+00
5.502480000000000000e+09 -9.477050290999999405e+00
5.502560000000000000e+09 -9.477799590000000052e+00
5.502640000000000000e+09 -9.479652710999999954e+00
5.502720000000000000e+09 -9.481602734000000865e+00
5.502800000000000000e+09 -9.481576207999999895e+00
5.502880000000000000e+09 -9.482920960999999593e+00
5.502960000000000000e+09 -9.484080050999999401e+00
5.503040000000000000e+09 -9.484698065999999983e+00
5.503120000000000000e+09 -9.484244394999999272e+00
5.503200000000000000e+09 -9.484954600000000013e+00
5.503280000000000000e+09 -9.487488213000000670e+00
5.503360000000000000e+09 -9.486387935999999854e+00
5.503440000000000000e+09 -9.489694712000000365e+00
5.503520000000000000e+09 -9.488955751000000660e+00
5.503600000000000000e+09 -9.491596164000000613e+00
5.503680000000000000e+09 -9.491859351000000444e+00
5.503760000000000000e+09 -9.492277490999999401e+00
5.503840000000000000e+09 -9.493502879999999422e+00
5.503920000000000000e+09 -9.495446305999999836e+00
5.504000000000000000e+09 -9.494750821000000229e+00
5.504080000000000000e+09 -9.495316471000000647e+00
5.504160000000000000e+09 -9.494825515000000493e+00
5.504240000000000000e+09 -9.497878082999999805e+00
5.504320000000000000e+09 -9.497374130000000747e+00
5.504400000000000000e+09 -9.499319392000000306e+00
5.504480000000000000e+09 -9.501120717999999243e+00
5.504560000000000000e+09 -9.502100521999999216e+00
5.504640000000000000e+09 -9.502232452999999524e+00
5.504720000000000000e+09 -9.502147044000000875e+00
5.504800000000000000e+09 -9.504974641000000446e+00
5.504880000000000000e+09 -9.506124502000000476e+00
5.504960000000000000e+09 -9.504916401999999209e+00
5.505040000000000000e+09 -9.507728337999999724e+00
5.505120000000000000e+09 -9.507630454999999259e+00
5.505200000000000000e+09 -9.508513637000000074e+00
5.505280000000000000e+09 -9.510378732999999585e+00
5.505360000000000000e+09 -9.508504520000000682e+00
5.505440000000000000e+09 -9.510609268999999699e+00
5.505520000000000000e+09 -9.512067552999999620e+00
5.505600000000000000e+09 -9.511841343000000393e+00
5.505680000000000000e+09 -9.513691573999999207e+00
5.505760000000000000e+09 -9.514607120000000862e+00
5.505840000000000000e+09 -9.516119660999999397e+00
5.505920000000000000e+09 -9.516111776000000688e+00
5.506000000000000000e+09 -9.517483371999999164e+00
5.506080000000000000e+09 -9.517931839999999255e+00
5.506160000000000000e+09 -9.517304174999999589e+00
5.506240000000000000e+09 -9.520047010000000753e+00
5.506320000000000000e+09 -9.521303930000000193e+00
5.506400000000000000e+09 -9.521852964000000696e+00
5.506480000000000000e+09 -9.522660865000000641e+00
5.506560000000000000e+09 -9.522988328000000280e+00
5.506640000000000000e+09 -9.523414084000000557e+00
5.506720000000000000e+09 -9.524100048999999402e+00
5.506800000000000000e+09 -9.525642161000000385e+00
5.506880000000000000e+09 -9.526673010999999747e+00
5.506960000000000000e+09 -9.525961445000000083e+00
5.507040000000000000e+09 -9.526691489999999263e+00
5.507120000000000000e+09 -9.528208900999999287e+00
5.507200000000000000e+09 -9.528857828999999668e+00
5.507280000000000000e+09 -9.528670502000000653e+00
5.507360000000000000e+09 -9.530584254000000755e+00
5.507440000000000000e+09 -9.530424711000000215e+00
5.507520000000000000e+09 -9.532112828000000704e+00
5.507600000000000000e+09 -9.533009692000000257e+00
5.507680000000000000e+09 -9.533562753000000001e+00
5.507760000000000000e+09 -9.533862354000000039e+00
5.507840000000000000e+09 -9.535728692999999367e+00
5.507920000000000000e+09 -9.535917868000000297e+00
5.508000000000000000e+09 -9.538559798999999728e+00
5.508080000000000000e+09 -9.538153363999999357e+00
5.508160000000000000e+09 -9.537623987999999997e+00
5.508240000000000000e+09 -9.537598608999999783e+00
5.508320000000000000e+09 -9.540192304999999706e+00
5.508400000000000000e+09 -9.539883498000000017e+00
5.508480000000000000e+09 -9.540766515999999697e+00
5.508560000000000000e+09 -9.540557332000000557e+00
5.508640000000000000e+09 -9.541808793999999594e+00
5.508720000000000000e+09 -9.543478504999999501e+00
5.508800000000000000e+09 -9.544091779000000386e+00
5.508880000000000000e+09 -9.543013289999999316e+00
5.508960000000000000e+09 -9.544478922999999781e+00
5.509040000000000000e+09 -9.544792399000000316e+00
5.509120000000000000e+09 -9.545797817000000407e+00
5.509200000000000000e+09 -9.545901753000000767e+00
5.509280000000000000e+09 -9.547114625000000743e+00
5.509360000000000000e+09 -9.548110778999999937e+00
5.509440000000000000e+09 -9.548250772999999469e+00
5.509520000000000000e+09 -9.548951715999999479e+00
5.509600000000000000e+09 -9.549588454000000226e+00
5.509680000000000000e+09 -9.549869032000000146e+00
5.509760000000000000e+09 -9.550900898000000083e+00
5.509840000000000000e+09 -9.551668182000000229e+00
5.509920000000000000e+09 -9.551641825999999114e+00
5.510000000000000000e+09 -9.553575799000000757e+00
5.510080000000000000e+09 -9.552306396000000532e+00
5.510160000000000000e+09 -9.554455669999999401e+00
5.510240000000000000e+09 -9.554639613000000864e+00
5.510320000000000000e+09 -9.554381662000000830e+00
5.510400000000000000e+09 -9.553405542000000139e+00
5.510480000000000000e+09 -9.555525903999999571e+00
5.510560000000000000e+09 -9.556804060999999351e+00
5.510640000000000000e+09 -9.556383227999999619e+00
5.510720000000000000e+09 -9.557578064999999512e+00
5.510800000000000000e+09 -9.558117612000000207e+00
5.510880000000000000e+09 -9.557924570000000841e+00
5.510960000000000000e+09 -9.559305961999999823e+00
5.511040000000000000e+09 -9.560327584999999573e+00
5.511120000000000000e+09 -9.559148526999999618e+00
5.511200000000000000e+09 -9.560377716999999720e+00
5.511280000000000000e+09 -9.560101405999999358e+00
5.511360000000000000e+09 -9.559804491999999598e+00
5.511440000000000000e+09 -9.560406629999999240e+00
5.511520000000000000e+09 -9.560965995000000106e+00
5.511600000000000000e+09 -9.560936394000000504e+00
5.511680000000000000e+09 -9.561499035000000646e+00
5.511760000000000000e+09 -9.562735202000000712e+00
5.511840000000000000e+09 -9.561293590000000009e+00
5.511920000000000000e+09 -9.562890811999999130e+00
5.512000000000000000e+09 -9.562108326000000602e+00
5.512080000000000000e+09 -9.562904871000000639e+00
5.512160000000000000e+09 -9.562995189000000451e+00
5.512240000000000000e+09 -9.563792087999999580e+00
5.512320000000000000e+09 -9.564610639999999719e+00
5.512400000000000000e+09 -9.564256903000000420e+00
5.512480000000000000e+09 -9.564714250999999834e+00
5.512560000000000000e+09 -9.564920875000000322e+00
5.512640000000000000e+09 -9.565933680000000550e+00
5.512720000000000000e+09 -9.565033402999999268e+00
5.512800000000000000e+09 -9.565223019999999465e+00
5.512880000000000000e+09 -9.565818173000000257e+00
5.512960000000000000e+09 -9.566057993999999454e+00
5.513040000000000000e+09 -9.566074158999999355e+00
5.513120000000000000e+09 -9.567997551999999573e+00
5.513200000000000000e+09 -9.565677920000000611e+00
5.513280000000000000e+09 -9.564809984000000043e+00
5.513360000000000000e+09 -9.566236891000000853e+00
5.513440000000000000e+09 -9.566942243999999818e+00
5.513520000000000000e+09 -9.566868106999999455e+00
5.513600000000000000e+09 -9.568038654000000420e+00
5.513680000000000000e+09 -9.566231828999999465e+00
5.513760000000000000e+09 -9.567013160000000127e+00
5.513840000000000000e+09 -9.566396200999999877e+00
5.513920000000000000e+09 -9.567244008999999494e+00
5.514000000000000000e+09 -9.567869533999999732e+00
5.514080000000000000e+09 -9.566257758000000777e+00
5.514160000000000000e+09 -9.566284380999999115e+00
5.514240000000000000e+09 -9.566603496000000817e+00
5.514320000000000000e+09 -9.566274525000000750e+00
5.514400000000000000e+09 -9.566029250999999789e+00
5.514480000000000000e+09 -9.565829883999999339e+00
5.514560000000000000e+09 -9.567003778000000125e+00
5.514640000000000000e+09 -9.567679673000000662e+00
5.514720000000000000e+09 -9.567723424000000421e+00
5.514800000000000000e+09 -9.566452198000000351e+00
5.514880000000000000e+09 -9.566480782999999377e+00
5.514960000000000000e+09 -9.567656007000000074e+00
5.515040000000000000e+09 -9.568670312000000067e+00
5.515120000000000000e+09 -9.566691967000000574e+00
5.515200000000000000e+09 -9.566944131999999712e+00
5.515280000000000000e+09 -9.566600340999999119e+00
5.515360000000000000e+09 -9.566557298999999404e+00
5.515440000000000000e+09 -9.566657504000000145e+00
5.515520000000000000e+09 -9.566754034000000573e+00
5.515600000000000000e+09 -9.563902552000000057e+00
5.515680000000000000e+09 -9.566282257999999317e+00
5.515760000000000000e+09 -9.565497370999999305e+00
5.515840000000000000e+09 -9.565762215999999540e+00
5.515920000000000000e+09 -9.564970580000000666e+00
5.516000000000000000e+09 -9.565025828999999646e+00
5.516080000000000000e+09 -9.564525752999999852e+00
5.516160000000000000e+09 -9.564370961999999921e+00
5.516240000000000000e+09 -9.563893792000000005e+00
5.516320000000000000e+09 -9.564849288999999644e+00
5.516400000000000000e+09 -9.564810648999999998e+00
5.516480000000000000e+09 -9.563762127000000390e+00
5.516560000000000000e+09 -9.564420618999999846e+00
5.516640000000000000e+09 -9.563887798999999745e+00
5.516720000000000000e+09 -9.563391980000000459e+00
5.516800000000000000e+09 -9.562571687000000153e+00
5.516880000000000000e+09 -9.562886002000000829e+00
5.516960000000000000e+09 -9.562146439999999359e+00
5.517040000000000000e+09 -9.560842234000000772e+00
5.517120000000000000e+09 -9.562279713000000569e+00
5.517200000000000000e+09 -9.560825927999999863e+00
5.517280000000000000e+09 -9.561537704999999221e+00
5.517360000000000000e+09 -9.561033965000000023e+00
5.517440000000000000e+09 -9.559956634000000619e+00
5.517520000000000000e+09 -9.559293172000000283e+00
5.517600000000000000e+09 -9.560315810000000525e+00
5.517680000000000000e+09 -9.559651628999999318e+00
5.517760000000000000e+09 -9.558653923999999691e+00
5.517840000000000000e+09 -9.559982065999999890e+00
5.517920000000000000e+09 -9.557300389999999979e+00
5.518000000000000000e+09 -9.557257834999999702e+00
5.518080000000000000e+09 -9.557026016000000013e+00
5.518160000000000000e+09 -9.556912645000000595e+00
5.518240000000000000e+09 -9.556786680000000089e+00
5.518320000000000000e+09 -9.556839800000000551e+00
5.518400000000000000e+09 -9.554581367000000824e+00
5.518480000000000000e+09 -9.555310077999999763e+00
5.518560000000000000e+09 -9.554507575000000585e+00
5.518640000000000000e+09 -9.555733516000000094e+00
5.518720000000000000e+09 -9.554319346999999851e+00
5.518800000000000000e+09 -9.555074898999999178e+00
5.518880000000000000e+09 -9.553708871999999630e+00
5.518960000000000000e+09 -9.552335617000000667e+00
5.519040000000000000e+09 -9.550978928999999340e+00
5.519120000000000000e+09 -9.552201771000000008e+00
5.519200000000000000e+09 -9.550817156999999114e+00
5.519280000000000000e+09 -9.550081217000000677e+00
5.519360000000000000e+09 -9.551595365000000726e+00
5.519440000000000000e+09 -9.548562032999999616e+00
5.519520000000000000e+09 -9.548080535000000424e+00
5.519600000000000000e+09 -9.549621537000000160e+00
5.519680000000000000e+09 -9.547787337999999124e+00
5.519760000000000000e+09 -9.548686807999999360e+00
5.519840000000000000e+09 -9.548262434999999826e+00
5.519920000000000000e+09 -9.548629888000000676e+00
5.520000000000000000e+09 -9.547544140999999485e+00
