5.440000000000000000e+09 -9.865049400000000190e+00
5.440080000000000000e+09 -9.855142733999999294e+00
5.440160000000000000e+09 -9.855655163999999857e+00
5.440240000000000000e+09 -9.855815780000000359e+00
5.440320000000000000e+09 -9.857455712000000148e+00
5.440400000000000000e+09 -9.858675975000000591e+00
5.440480000000000000e+09 -9.857551638000000338e+00
5.440560000000000000e+09 -9.858173204999999939e+00
5.440640000000000000e+09 -9.858817995000000778e+00
5.440720000000000000e+09 -9.861291292000000652e+00
5.440800000000000000e+09 -9.861178240999999289e+00
5.440880000000000000e+09 -9.860902624999999588e+00
5.440960000000000000e+09 -9.861385159999999317e+00
5.441040000000000000e+09 -9.861672576000000134e+00
5.441120000000000000e+09 -9.862505851999999962e+00
5.441200000000000000e+09 -9.861910755000000250e+00
5.441280000000000000e+09 -9.864408084000000798e+00
5.441360000000000000e+09 -9.864410293000000607e+00
5.441440000000000000e+09 -9.867275293000000502e+00
5.441520000000000000e+09 -9.866096996999999647e+00
5.441600000000000000e+09 -9.867339547000000266e+00
5.441680000000000000e+09 -9.867119306999999395e+00
5.441760000000000000e+09 -9.868109199999999248e+00
5.441840000000000000e+09 -9.869363040999999725e+00
5.441920000000000000e+09 -9.869188214999999431e+00
5.442000000000000000e+09 -9.869721232999999927e+00
5.442080000000000000e+09 -9.870730779000000510e+00
5.442160000000000000e+09 -9.870811788999999337e+00
5.442240000000000000e+09 -9.870777002000000522e+00
5.442320000000000000e+09 -9.873035710999999992e+00
5.442400000000000000e+09 -9.872820729000000739e+00
5.442480000000000000e+09 -9.875891922999999295e+00
5.442560000000000000e+09 -9.875475537999999887e+00
5.442640000000000000e+09 -9.875650710000000387e+00
5.442720000000000000e+09 -9.876958445999999725e+00
5.442800000000000000e+09 -9.878906990000000832e+00
5.442880000000000000e+09 -9.879265799000000570e+00
5.442960000000000000e+09 -9.880402411000000384e+00
5.443040000000000000e+09 -9.879695823000000487e+00
5.443120000000000000e+09 -9.881074116000000629e+00
5.443200000000000000e+09 -9.882183711999999787e+00
5.443280000000000000e+09 -9.880759353000000189e+00
5.443360000000000000e+09 -9.882822216999999299e+00
5.443440000000000000e+09 -9.890311980999999975e+00
5.443520000000000000e+09 -9.885448926000000469e+00
5.443600000000000000e+09 -9.887609098000000429e+00
5.443680000000000000e+09 -9.887910547000000605e+00
5.443760000000000000e+09 -9.889123542000000100e+00
5.443840000000000000e+09 -9.890516506999999180e+00
5.443920000000000000e+09 -9.890092266999999993e+00
5.444000000000000000e+09 -9.892259685000000857e+00
5.444080000000000000e+09 -9.892614997000000798e+00
5.444160000000000000e+09 -9.893137898000000874e+00
5.444240000000000000e+09 -9.894948265000000021e+00
5.444320000000000000e+09 -9.895719124999999394e+00
5.444400000000000000e+09 -9.895507457000000784e+00
5.444480000000000000e+09 -9.896957148000000259e+00
5.444560000000000000e+09 -9.897246946999999295e+00
5.444640000000000000e+09 -9.900185034999999800e+00
5.444720000000000000e+09 -9.901096029999999715e+00
5.444800000000000000e+09 -9.902034690000000694e+00
5.444880000000000000e+09 -9.902595021999999858e+00
5.444960000000000000e+09 -9.903733734999999427e+00
5.445040000000000000e+09 -9.904805762000000513e+00
5.445120000000000000e+09 -9.906143116999999165e+00
5.445200000000000000e+09 -9.905311276000000831e+00
5.445280000000000000e+09 -9.905462226999999231e+00
5.445360000000000000e+09 -9.907557459999999594e+00
5.445440000000000000e+09 -9.906887139000000175e+00
5.445520000000000000e+09 -9.909779387000000384e+00
5.445600000000000000e+09 -9.911618109999999149e+00
5.445680000000000000e+09 -9.911220697999999274e+00
5.445760000000000000e+09 -9.911246482999999330e+00
5.445840000000000000e+09 -9.913047030999999620e+00
5.445920000000000000e+09 -9.913278124999999719e+00
5.446000000000000000e+09 -9.913953629999999961e+00
5.446080000000000000e+09 -9.914366682000000708e+00
5.446160000000000000e+09 -9.916770972000000128e+00
5.446240000000000000e+09 -9.918083367999999567e+00
5.446320000000000000e+09 -9.920114052000000626e+00
5.446400000000000000e+09 -9.921264645000000826e+00
5.446480000000000000e+09 -9.922188064000000196e+00
5.446560000000000000e+09 -9.917737181999999763e+00
5.446640000000000000e+09 -9.923077937000000404e+00
5.446720000000000000e+09 -9.923917014000000592e+00
5.446800000000000000e+09 -9.923205277999999296e+00
5.446880000000000000e+09 -9.924968026000000165e+00
5.446960000000000000e+09 -9.926535405999999284e+00
5.447040000000000000e+09 -9.926721688000000654e+00
5.447120000000000000e+09 -9.928319445999999715e+00
5.447200000000000000e+09 -9.929099307999999624e+00
5.447280000000000000e+09 -9.930198226999999989e+00
5.447360000000000000e+09 -9.930981174999999439e+00
5.447440000000000000e+09 -9.933332847000000854e+00
5.447520000000000000e+09 -9.933890070000000350e+00
5.447600000000000000e+09 -9.934609980999999479e+00
5.447680000000000000e+09 -9.935489740999999597e+00
5.447760000000000000e+09 -9.936154120999999506e+00
5.447840000000000000e+09 -9.935728627999999674e+00
5.447920000000000000e+09 -9.935999717999999703e+00
5.448000000000000000e+09 -9.935513446999999942e+00
5.448080000000000000e+09 -9.938597401000000886e+00
5.448160000000000000e+09 -9.939343009999999978e+00
5.448240000000000000e+09 -9.940419923000000324e+00
5.448320000000000000e+09 -9.941288810999999725e+00
5.448400000000000000e+09 -9.941465701000000266e+00
5.448480000000000000e+09 -9.941892662000000769e+00
5.448560000000000000e+09 -9.942606098000000614e+00
5.448640000000000000e+09 -9.943783590000000672e+00
5.448720000000000000e+09 -9.944003839000000511e+00
5.448800000000000000e+09 -9.942799806000000018e+00
5.448880000000000000e+09 -9.944011148999999605e+00
5.448960000000000000e+09 -9.944366535000000340e+00
5.449040000000000000e+09 -9.945825388999999461e+00
5.449120000000000000e+09 -9.946490846999999746e+00
5.449200000000000000e+09 -9.947142866000000083e+00
5.449280000000000000e+09 -9.947673484999999260e+00
5.449360000000000000e+09 -9.948947931999999383e+00
5.449440000000000000e+09 -9.950964636000000141e+00
5.449520000000000000e+09 -9.950334051000000457e+00
5.449600000000000000e+09 -9.951463901000000334e+00
5.449680000000000000e+09 -9.952610012999999256e+00
5.449760000000000000e+09 -9.952124454999999870e+00
5.449840000000000000e+09 -9.951047634000000031e+00
5.449920000000000000e+09 -9.952901145000000227e+00
5.450000000000000000e+09 -9.953555172999999812e+00
5.450080000000000000e+09 -9.954691562000000715e+00
5.450160000000000000e+09 -9.955019072000000691e+00
5.450240000000000000e+09 -9.955832059000000456e+00
5.450320000000000000e+09 -9.956596238999999571e+00
5.450400000000000000e+09 -9.958305141000000305e+00
5.450480000000000000e+09 -9.956619109000000023e+00
5.450560000000000000e+09 -9.957569296999999153e+00
5.450640000000000000e+09 -9.959565569000000451e+00
5.450720000000000000e+09 -9.960491313000000346e+00
5.450800000000000000e+09 -9.960692788999999436e+00
5.450880000000000000e+09 -9.960682798000000560e+00
5.450960000000000000e+09 -9.961429617000000292e+00
5.451040000000000000e+09 -9.961927019000000882e+00
5.451120000000000000e+09 -9.961968168000000290e+00
5.451200000000000000e+09 -9.964529718999999730e+00
5.451280000000000000e+09 -9.963408791000000875e+00
5.451360000000000000e+09 -9.965526596000000126e+00
5.451440000000000000e+09 -9.965245954000000239e+00
5.451520000000000000e+09 -9.964977278999999299e+00
5.451600000000000000e+09 -9.967357715000000340e+00
5.451680000000000000e+09 -9.967786628000000704e+00
5.451760000000000000e+09 -9.969008806999999805e+00
5.451840000000000000e+09 -9.969437526000000105e+00
5.451920000000000000e+09 -9.970405123999999120e+00
5.452000000000000000e+09 -9.969605592000000627e+00
5.452080000000000000e+09 -9.970534902000000699e+00
5.452160000000000000e+09 -9.973725285000000440e+00
5.452240000000000000e+09 -9.974427973999999253e+00
5.452320000000000000e+09 -9.974826513000000006e+00
5.452400000000000000e+09 -9.973460613000000308e+00
5.452480000000000000e+09 -9.975471633999999810e+00
5.452560000000000000e+09 -9.974811893000000040e+00
5.452640000000000000e+09 -9.977847636999999992e+00
5.452720000000000000e+09 -9.976925640999999345e+00
5.452800000000000000e+09 -9.979520052999999891e+00
5.452880000000000000e+09 -9.977557965999999112e+00
5.452960000000000000e+09 -9.980056390999999749e+00
5.453040000000000000e+09 -9.979868203000000548e+00
5.453120000000000000e+09 -9.980906713999999624e+00
5.453200000000000000e+09 -9.985060868999999784e+00
5.453280000000000000e+09 -9.984326081000000741e+00
5.453360000000000000e+09 -9.987332294999999860e+00
5.453440000000000000e+09 -9.988624843000000197e+00
5.453520000000000000e+09 -9.989965358999999268e+00
5.453600000000000000e+09 -9.989348291000000657e+00
5.453680000000000000e+09 -9.992312846000000803e+00
5.453760000000000000e+09 -9.990702825999999703e+00
5.453840000000000000e+09 -9.993211915999999917e+00
5.453920000000000000e+09 -9.993625480000000394e+00
5.454000000000000000e+09 -9.994140592000000822e+00
5.454080000000000000e+09 -9.995503508000000537e+00
5.454160000000000000e+09 -9.998238934999999827e+00
5.454240000000000000e+09 -9.999592900999999756e+00
5.454320000000000000e+09 -9.999861391999999682e+00
5.454400000000000000e+09 -1.000174529999999962e+01
5.454480000000000000e+09 -1.000523543999999987e+01
5.454560000000000000e+09 -1.000551017999999992e+01
5.454640000000000000e+09 -1.000509704999999983e+01
5.454720000000000000e+09 -1.000547128000000008e+01
5.454800000000000000e+09 -1.000742362000000085e+01
5.454880000000000000e+09 -1.000886906000000032e+01
5.454960000000000000e+09 -1.001113173000000067e+01
5.455040000000000000e+09 -1.001214449000000073e+01
5.455120000000000000e+09 -1.001182041000000034e+01
5.455200000000000000e+09 -1.001384346000000036e+01
5.455280000000000000e+09 -1.001554510000000064e+01
5.455360000000000000e+09 -1.001674294999999937e+01
5.455440000000000000e+09 -1.001936695000000022e+01
5.455520000000000000e+09 -1.001981246999999975e+01
5.455600000000000000e+09 -1.002179431000000065e+01
5.455680000000000000e+09 -1.002143417999999997e+01
5.455760000000000000e+09 -1.002454849999999986e+01
5.455840000000000000e+09 -1.002721434999999950e+01
5.455920000000000000e+09 -1.002912826000000024e+01
5.456000000000000000e+09 -1.003046883000000022e+01
5.456080000000000000e+09 -1.003129659000000018e+01
5.456160000000000000e+09 -1.003361394000000040e+01
5.456240000000000000e+09 -1.003531513999999980e+01
5.456320000000000000e+09 -1.003675812000000001e+01
5.456400000000000000e+09 -1.004025769000000068e+01
5.456480000000000000e+09 -1.003972276999999913e+01
5.456560000000000000e+09 -1.003949478000000006e+01
5.456640000000000000e+09 -1.004071242999999924e+01
5.456720000000000000e+09 -1.004449684000000076e+01
5.456800000000000000e+09 -1.004633802000000031e+01
5.456880000000000000e+09 -1.004808391999999984e+01
5.456960000000000000e+09 -1.004967989000000017e+01
5.457040000000000000e+09 -1.005364703999999954e+01
5.457120000000000000e+09 -1.005497287000000028e+01
5.457200000000000000e+09 -1.005572517999999960e+01
5.457280000000000000e+09 -1.005737071000000071e+01
5.457360000000000000e+09 -1.006007971000000012e+01
5.457440000000000000e+09 -1.006040959999999984e+01
5.457520000000000000e+09 -1.006328133999999963e+01
5.457600000000000000e+09 -1.006459850000000067e+01
5.457680000000000000e+09 -1.006822707999999977e+01
5.457760000000000000e+09 -1.006908671999999960e+01
5.457840000000000000e+09 -1.007176705000000005e+01
5.457920000000000000e+09 -1.007294403000000038e+01
5.458000000000000000e+09 -1.007673053999999979e+01
5.458080000000000000e+09 -1.007779189000000031e+01
5.458160000000000000e+09 -1.007908978999999938e+01
5.458240000000000000e+09 -1.008170289999999980e+01
5.458320000000000000e+09 -1.008556719999999984e+01
5.458400000000000000e+09 -1.008551588999999993e+01
5.458480000000000000e+09 -1.008749631999999963e+01
5.458560000000000000e+09 -1.008897349000000077e+01
5.458640000000000000e+09 -1.009125803000000055e+01
5.458720000000000000e+09 -1.009220505000000045e+01
5.458800000000000000e+09 -1.009573014999999963e+01
5.458880000000000000e+09 -1.009749592000000007e+01
5.458960000000000000e+09 -1.010059958999999985e+01
5.459040000000000000e+09 -1.010171206999999960e+01
5.459120000000000000e+09 -1.010505565999999966e+01
5.459200000000000000e+09 -1.010687987000000021e+01
5.459280000000000000e+09 -1.011038811000000059e+01
5.459360000000000000e+09 -1.011226493999999931e+01
5.459440000000000000e+09 -1.011378121999999991e+01
5.459520000000000000e+09 -1.011569128999999911e+01
5.459600000000000000e+09 -1.011685160000000039e+01
5.459680000000000000e+09 -1.011939008000000051e+01
5.459760000000000000e+09 -1.012092797999999938e+01
5.459840000000000000e+09 -1.012462069000000042e+01
5.459920000000000000e+09 -1.012636091999999977e+01
5.460000000000000000e+09 -1.012918157999999913e+01
5.460080000000000000e+09 -1.013135562999999983e+01
5.460160000000000000e+09 -1.013280735999999926e+01
5.460240000000000000e+09 -1.013560355999999985e+01
5.460320000000000000e+09 -1.013656686999999934e+01
5.460400000000000000e+09 -1.013922872000000019e+01
5.460480000000000000e+09 -1.014004856999999937e+01
5.460560000000000000e+09 -1.014230054999999986e+01
5.460640000000000000e+09 -1.014407643000000014e+01
5.460720000000000000e+09 -1.014654209000000051e+01
5.460800000000000000e+09 -1.014953921000000037e+01
5.460880000000000000e+09 -1.015246070999999972e+01
5.460960000000000000e+09 -1.015462014000000046e+01
5.461040000000000000e+09 -1.015746925999999917e+01
5.461120000000000000e+09 -1.015753330999999982e+01
5.461200000000000000e+09 -1.016098221999999929e+01
5.461280000000000000e+09 -1.016355699000000001e+01
5.461360000000000000e+09 -1.016518802000000044e+01
5.461440000000000000e+09 -1.016694438000000034e+01
5.461520000000000000e+09 -1.016954937999999942e+01
5.461600000000000000e+09 -1.017190255999999948e+01
5.461680000000000000e+09 -1.017240806999999947e+01
5.461760000000000000e+09 -1.017347022999999950e+01
5.461840000000000000e+09 -1.017664392000000007e+01
5.461920000000000000e+09 -1.018037713999999916e+01
5.462000000000000000e+09 -1.018277411000000043e+01
5.462080000000000000e+09 -1.018351909000000077e+01
5.462160000000000000e+09 -1.018531325999999915e+01
5.462240000000000000e+09 -1.018703117999999996e+01
5.462320000000000000e+09 -1.018959792999999969e+01
5.462400000000000000e+09 -1.019206774000000060e+01
5.462480000000000000e+09 -1.019470027000000023e+01
5.462560000000000000e+09 -1.019741491000000089e+01
5.462640000000000000e+09 -1.019906506000000057e+01
5.462720000000000000e+09 -1.019969556999999938e+01
5.462800000000000000e+09 -1.020307193999999917e+01
5.462880000000000000e+09 -1.020533585999999993e+01
5.462960000000000000e+09 -1.020731121000000030e+01
5.463040000000000000e+09 -1.020882884000000068e+01
5.463120000000000000e+09 -1.021189730999999945e+01
5.463200000000000000e+09 -1.021415168000000051e+01
5.463280000000000000e+09 -1.021506596000000044e+01
5.463360000000000000e+09 -1.021903278999999998e+01
5.463440000000000000e+09 -1.022044527000000080e+01
5.463520000000000000e+09 -1.022285532999999980e+01
5.463600000000000000e+09 -1.022515807999999993e+01
5.463680000000000000e+09 -1.022804247000000011e+01
5.463760000000000000e+09 -1.023025550000000017e+01
5.463840000000000000e+09 -1.023011868999999940e+01
5.463920000000000000e+09 -1.023506987999999929e+01
5.464000000000000000e+09 -1.023664632000000019e+01
5.464080000000000000e+09 -1.023836335000000020e+01
5.464160000000000000e+09 -1.023989772000000009e+01
5.464240000000000000e+09 -1.024327828999999923e+01
5.464320000000000000e+09 -1.024450311000000013e+01
5.464400000000000000e+09 -1.024623730999999971e+01
5.464480000000000000e+09 -1.025018706000000002e+01
5.464560000000000000e+09 -1.025204439000000001e+01
5.464640000000000000e+09 -1.025388753999999913e+01
5.464720000000000000e+09 -1.025609290999999956e+01
5.464800000000000000e+09 -1.025875629999999994e+01
5.464880000000000000e+09 -1.026133613000000011e+01
5.464960000000000000e+09 -1.026246946999999921e+01
5.465040000000000000e+09 -1.026531158000000055e+01
5.465120000000000000e+09 -1.026653974000000069e+01
5.465200000000000000e+09 -1.026811082000000042e+01
5.465280000000000000e+09 -1.026900322000000010e+01
5.465360000000000000e+09 -1.027355361000000045e+01
5.465440000000000000e+09 -1.027665035999999965e+01
5.465520000000000000e+09 -1.027802621999999921e+01
5.465600000000000000e+09 -1.027970941999999965e+01
5.465680000000000000e+09 -1.028321387999999992e+01
5.465760000000000000e+09 -1.028580342999999964e+01
5.465840000000000000e+09 -1.028944788999999993e+01
5.465920000000000000e+09 -1.029171565999999949e+01
5.466000000000000000e+09 -1.029361482000000017e+01
5.466080000000000000e+09 -1.029647311999999992e+01
5.466160000000000000e+09 -1.029942645000000034e+01
5.466240000000000000e+09 -1.030079502999999974e+01
5.466320000000000000e+09 -1.030409503999999998e+01
5.466400000000000000e+09 -1.030561802000000071e+01
5.466480000000000000e+09 -1.030902642000000036e+01
5.466560000000000000e+09 -1.031283159000000005e+01
5.466640000000000000e+09 -1.031381363000000029e+01
5.466720000000000000e+09 -1.031611711000000042e+01
5.466800000000000000e+09 -1.031938844999999993e+01
5.466880000000000000e+09 -1.032204967999999923e+01
5.466960000000000000e+09 -1.032526855999999960e+01
5.467040000000000000e+09 -1.033036695999999921e+01
5.467120000000000000e+09 -1.033097242000000016e+01
5.467200000000000000e+09 -1.033384395000000033e+01
5.467280000000000000e+09 -1.033739622999999952e+01
5.467360000000000000e+09 -1.033881605000000015e+01
5.467440000000000000e+09 -1.034254433000000084e+01
5.467520000000000000e+09 -1.034751055000000086e+01
5.467600000000000000e+09 -1.034919782000000055e+01
5.467680000000000000e+09 -1.035451562999999986e+01
5.467760000000000000e+09 -1.035652514000000046e+01
5.467840000000000000e+09 -1.035969403000000000e+01
5.467920000000000000e+09 -1.036434131999999941e+01
5.468000000000000000e+09 -1.036731883999999937e+01
5.468080000000000000e+09 -1.037126536999999971e+01
5.468160000000000000e+09 -1.037456124999999929e+01
5.468240000000000000e+09 -1.037763780999999952e+01
5.468320000000000000e+09 -1.038216502999999946e+01
5.468400000000000000e+09 -1.038684686000000035e+01
5.468480000000000000e+09 -1.039047000000000054e+01
5.468560000000000000e+09 -1.039618463999999953e+01
5.468640000000000000e+09 -1.040117655999999968e+01
5.468720000000000000e+09 -1.040562461000000027e+01
5.468800000000000000e+09 -1.040938519999999912e+01
5.468880000000000000e+09 -1.041335386000000085e+01
5.468960000000000000e+09 -1.042004513999999915e+01
5.469040000000000000e+09 -1.042374470000000031e+01
5.469120000000000000e+09 -1.042910565999999939e+01
5.469200000000000000e+09 -1.043401425000000060e+01
5.469280000000000000e+09 -1.043695304000000057e+01
5.469360000000000000e+09 -1.044269274000000003e+01
5.469440000000000000e+09 -1.044830332000000084e+01
5.469520000000000000e+09 -1.045345075000000001e+01
5.469600000000000000e+09 -1.046031890999999980e+01
5.469680000000000000e+09 -1.046491048999999940e+01
5.469760000000000000e+09 -1.047223872000000000e+01
5.469840000000000000e+09 -1.047860771999999940e+01
5.469920000000000000e+09 -1.048258236999999937e+01
5.470000000000000000e+09 -1.049066230000000033e+01
5.470080000000000000e+09 -1.049775132999999983e+01
5.470160000000000000e+09 -1.050542189999999998e+01
5.470240000000000000e+09 -1.051290932999999939e+01
5.470320000000000000e+09 -1.051846257999999956e+01
5.470400000000000000e+09 -1.052278772999999923e+01
5.470480000000000000e+09 -1.053286349000000044e+01
5.470560000000000000e+09 -1.053992082000000075e+01
5.470640000000000000e+09 -1.054860241999999992e+01
5.470720000000000000e+09 -1.055697140999999917e+01
5.470800000000000000e+09 -1.056499063000000049e+01
5.470880000000000000e+09 -1.057408331000000068e+01
5.470960000000000000e+09 -1.058268836999999962e+01
5.471040000000000000e+09 -1.059103902999999924e+01
5.471120000000000000e+09 -1.060032138000000046e+01
5.471200000000000000e+09 -1.060886548999999945e+01
5.471280000000000000e+09 -1.061785335999999980e+01
5.471360000000000000e+09 -1.062892229000000022e+01
5.471440000000000000e+09 -1.063773482999999942e+01
5.471520000000000000e+09 -1.064906571999999940e+01
5.471600000000000000e+09 -1.066044465000000052e+01
5.471680000000000000e+09 -1.067123070999999968e+01
5.471760000000000000e+09 -1.068190670999999980e+01
5.471840000000000000e+09 -1.069394431999999995e+01
5.471920000000000000e+09 -1.070659956000000079e+01
5.472000000000000000e+09 -1.071852014999999980e+01
5.472080000000000000e+09 -1.073142333999999920e+01
5.472160000000000000e+09 -1.074482575000000040e+01
5.472240000000000000e+09 -1.075761420000000079e+01
5.472320000000000000e+09 -1.077175654999999921e+01
5.472400000000000000e+09 -1.078443402999999989e+01
5.472480000000000000e+09 -1.079903423999999923e+01
5.472560000000000000e+09 -1.081482386999999967e+01
5.472640000000000000e+09 -1.083131176999999923e+01
5.472720000000000000e+09 -1.084824227999999913e+01
5.472800000000000000e+09 -1.086365976999999994e+01
5.472880000000000000e+09 -1.087967886999999934e+01
5.472960000000000000e+09 -1.089844399000000053e+01
5.473040000000000000e+09 -1.091599493000000010e+01
5.473120000000000000e+09 -1.093488321999999968e+01
5.473200000000000000e+09 -1.095403989000000067e+01
5.473280000000000000e+09 -1.097316426999999983e+01
5.473360000000000000e+09 -1.099334445999999943e+01
5.473440000000000000e+09 -1.101510863000000029e+01
5.473520000000000000e+09 -1.103601624000000037e+01
5.473600000000000000e+09 -1.105739072999999983e+01
5.473680000000000000e+09 -1.108043336999999973e+01
5.473760000000000000e+09 -1.110473934000000007e+01
5.473840000000000000e+09 -1.112914269999999917e+01
5.473920000000000000e+09 -1.115528469999999928e+01
5.474000000000000000e+09 -1.117966535999999955e+01
5.474080000000000000e+09 -1.120625339999999959e+01
5.474160000000000000e+09 -1.123350465999999948e+01
5.474240000000000000e+09 -1.126184858000000055e+01
5.474320000000000000e+09 -1.129087832999999996e+01
5.474400000000000000e+09 -1.131879492000000020e+01
5.474480000000000000e+09 -1.134937163999999932e+01
5.474560000000000000e+09 -1.138115175999999984e+01
5.474640000000000000e+09 -1.141158479999999997e+01
5.474720000000000000e+09 -1.144325053000000025e+01
5.474800000000000000e+09 -1.147622669999999978e+01
5.474880000000000000e+09 -1.150973650999999975e+01
5.474960000000000000e+09 -1.154275686000000078e+01
5.475040000000000000e+09 -1.157541952999999957e+01
5.475120000000000000e+09 -1.161148020000000081e+01
5.475200000000000000e+09 -1.164446129999999968e+01
5.475280000000000000e+09 -1.167961780999999988e+01
5.475360000000000000e+09 -1.171574554000000035e+01
5.475440000000000000e+09 -1.175106798999999924e+01
5.475520000000000000e+09 -1.178510570000000079e+01
5.475600000000000000e+09 -1.181810195000000085e+01
5.475680000000000000e+09 -1.185314804999999971e+01
5.475760000000000000e+09 -1.188623076000000012e+01
5.475840000000000000e+09 -1.192059549999999923e+01
5.475920000000000000e+09 -1.195187241000000000e+01
5.476000000000000000e+09 -1.198101190999999943e+01
5.476080000000000000e+09 -1.201262265999999990e+01
5.476160000000000000e+09 -1.203968940999999937e+01
5.476240000000000000e+09 -1.206553620999999943e+01
5.476320000000000000e+09 -1.209336680999999913e+01
5.476400000000000000e+09 -1.211497664999999913e+01
5.476480000000000000e+09 -1.213519490999999917e+01
5.476560000000000000e+09 -1.215503329000000043e+01
5.476640000000000000e+09 -1.217172309000000041e+01
5.476720000000000000e+09 -1.218449309000000014e+01
5.476800000000000000e+09 -1.219515909999999970e+01
5.476880000000000000e+09 -1.220445203000000056e+01
5.476960000000000000e+09 -1.220825667999999986e+01
5.477040000000000000e+09 -1.221087022000000033e+01
5.477120000000000000e+09 -1.221255344000000065e+01
5.477200000000000000e+09 -1.220978743000000044e+01
5.477280000000000000e+09 -1.220380982000000003e+01
5.477360000000000000e+09 -1.219444763000000087e+01
5.477440000000000000e+09 -1.218467857000000087e+01
5.477520000000000000e+09 -1.217064303000000081e+01
5.477600000000000000e+09 -1.215480203000000081e+01
5.477680000000000000e+09 -1.213405574999999992e+01
5.477760000000000000e+09 -1.211312767999999984e+01
5.477840000000000000e+09 -1.208897628000000068e+01
5.477920000000000000e+09 -1.206507655000000057e+01
5.478000000000000000e+09 -1.203510290000000005e+01
5.478080000000000000e+09 -1.200670466000000047e+01
5.478160000000000000e+09 -1.197682499999999983e+01
5.478240000000000000e+09 -1.194266949999999916e+01
5.478320000000000000e+09 -1.190809798000000086e+01
5.478400000000000000e+09 -1.187333025999999947e+01
5.478480000000000000e+09 -1.183666932999999943e+01
5.478560000000000000e+09 -1.179999948999999937e+01
5.478640000000000000e+09 -1.175969686000000003e+01
5.478720000000000000e+09 -1.172399839999999926e+01
5.478800000000000000e+09 -1.168369910999999917e+01
5.478880000000000000e+09 -1.164669254999999914e+01
5.478960000000000000e+09 -1.160694548999999931e+01
5.479040000000000000e+09 -1.156623837000000066e+01
5.479120000000000000e+09 -1.152512326999999992e+01
5.479200000000000000e+09 -1.148591552000000071e+01
5.479280000000000000e+09 -1.144689630000000058e+01
5.479360000000000000e+09 -1.140763663999999977e+01
5.479440000000000000e+09 -1.136868641999999952e+01
5.479520000000000000e+09 -1.132982059000000064e+01
5.479600000000000000e+09 -1.129097926000000029e+01
5.479680000000000000e+09 -1.125187582999999947e+01
5.479760000000000000e+09 -1.121699330999999944e+01
5.479840000000000000e+09 -1.117945753000000053e+01
5.479920000000000000e+09 -1.114251029999999965e+01
5.480000000000000000e+09 -1.110614246999999999e+01
5.480080000000000000e+09 -1.107273911000000055e+01
5.480160000000000000e+09 -1.103849448999999971e+01
5.480240000000000000e+09 -1.100365440000000028e+01
5.480320000000000000e+09 -1.097061064999999935e+01
5.480400000000000000e+09 -1.094041715000000003e+01
5.480480000000000000e+09 -1.090964029000000046e+01
5.480560000000000000e+09 -1.087870320999999940e+01
5.480640000000000000e+09 -1.084939192000000041e+01
5.480720000000000000e+09 -1.082013371000000035e+01
5.480800000000000000e+09 -1.079132367999999964e+01
5.480880000000000000e+09 -1.076700353000000021e+01
5.480960000000000000e+09 -1.073772364999999951e+01
5.481040000000000000e+09 -1.071257577999999988e+01
5.481120000000000000e+09 -1.068746467999999972e+01
5.481200000000000000e+09 -1.066170117000000062e+01
5.481280000000000000e+09 -1.063874249000000027e+01
5.481360000000000000e+09 -1.061518760000000050e+01
5.481440000000000000e+09 -1.059377983999999984e+01
5.481520000000000000e+09 -1.057297243000000009e+01
5.481600000000000000e+09 -1.055076829000000060e+01
5.481680000000000000e+09 -1.053099506999999946e+01
5.481760000000000000e+09 -1.051245139999999978e+01
5.481840000000000000e+09 -1.049367016999999969e+01
5.481920000000000000e+09 -1.047299718999999918e+01
5.482000000000000000e+09 -1.045573948999999914e+01
5.482080000000000000e+09 -1.044087990999999960e+01
5.482160000000000000e+09 -1.042222860000000040e+01
5.482240000000000000e+09 -1.040605739000000085e+01
5.482320000000000000e+09 -1.038903542000000080e+01
5.482400000000000000e+09 -1.037597895999999942e+01
5.482480000000000000e+09 -1.035949605999999967e+01
5.482560000000000000e+09 -1.034738515999999997e+01
5.482640000000000000e+09 -1.033507288000000024e+01
5.482720000000000000e+09 -1.032068604000000001e+01
5.482800000000000000e+09 -1.030674211000000007e+01
5.482880000000000000e+09 -1.029397503999999941e+01
5.482960000000000000e+09 -1.028219771999999921e+01
5.483040000000000000e+09 -1.027134273000000064e+01
5.483120000000000000e+09 -1.025902649999999916e+01
5.483200000000000000e+09 -1.024990312999999986e+01
5.483280000000000000e+09 -1.024006450000000079e+01
5.483360000000000000e+09 -1.022885115000000056e+01
5.483440000000000000e+09 -1.021895308000000036e+01
5.483520000000000000e+09 -1.021031070000000085e+01
5.483600000000000000e+09 -1.020077288999999965e+01
5.483680000000000000e+09 -1.019283253000000045e+01
5.483760000000000000e+09 -1.018237146000000060e+01
5.483840000000000000e+09 -1.017425071999999986e+01
5.483920000000000000e+09 -1.016691931999999987e+01
5.484000000000000000e+09 -1.015941283999999989e+01
5.484080000000000000e+09 -1.015411545999999987e+01
5.484160000000000000e+09 -1.014607737000000043e+01
5.484240000000000000e+09 -1.013824194000000034e+01
5.484320000000000000e+09 -1.013112897000000068e+01
5.484400000000000000e+09 -1.012337008000000083e+01
5.484480000000000000e+09 -1.011719504999999941e+01
5.484560000000000000e+09 -1.011280745000000003e+01
5.484640000000000000e+09 -1.010513199000000029e+01
5.484720000000000000e+09 -1.010042164000000042e+01
5.484800000000000000e+09 -1.009546661999999984e+01
5.484880000000000000e+09 -1.009090033000000020e+01
5.484960000000000000e+09 -1.008413228999999944e+01
5.485040000000000000e+09 -1.007913912999999972e+01
5.485120000000000000e+09 -1.007575502999999983e+01
5.485200000000000000e+09 -1.007092860999999928e+01
5.485280000000000000e+09 -1.006611228000000047e+01
5.485360000000000000e+09 -1.006266439000000013e+01
5.485440000000000000e+09 -1.005831315000000004e+01
5.485520000000000000e+09 -1.005381384999999916e+01
5.485600000000000000e+09 -1.004868480999999925e+01
5.485680000000000000e+09 -1.004537578000000053e+01
5.485760000000000000e+09 -1.004127914000000033e+01
5.485840000000000000e+09 -1.003901673999999922e+01
5.485920000000000000e+09 -1.003375450999999963e+01
5.486000000000000000e+09 -1.003191716000000078e+01
5.486080000000000000e+09 -1.003050655999999918e+01
5.486160000000000000e+09 -1.002509052999999994e+01
5.486240000000000000e+09 -1.002418744000000039e+01
5.486320000000000000e+09 -1.002185242999999915e+01
5.486400000000000000e+09 -1.001880438999999967e+01
5.486480000000000000e+09 -1.001544838000000048e+01
5.486560000000000000e+09 -1.001296581999999979e+01
5.486640000000000000e+09 -1.001053558000000088e+01
5.486720000000000000e+09 -1.000847652999999937e+01
5.486800000000000000e+09 -1.000624357000000053e+01
5.486880000000000000e+09 -1.000208220999999931e+01
5.486960000000000000e+09 -1.000140163000000015e+01
5.487040000000000000e+09 -9.999773819999999702e+00
5.487120000000000000e+09 -9.998444837999999280e+00
5.487200000000000000e+09 -9.995250821999999147e+00
5.487280000000000000e+09 -9.994373888000000150e+00
5.487360000000000000e+09 -9.993167324999999934e+00
5.487440000000000000e+09 -9.991742965000000254e+00
5.487520000000000000e+09 -9.988288875000000289e+00
5.487600000000000000e+09 -9.987955615000000620e+00
5.487680000000000000e+09 -9.987205554000000873e+00
5.487760000000000000e+09 -9.985114016000000703e+00
5.487840000000000000e+09 -9.984216317999999646e+00
5.487920000000000000e+09 -9.981949352000000886e+00
5.488000000000000000e+09 -9.981393624000000742e+00
5.488080000000000000e+09 -9.979417010000000587e+00
5.488160000000000000e+09 -9.978790935999999334e+00
5.488240000000000000e+09 -9.977495290000000239e+00
5.488320000000000000e+09 -9.977089900999999372e+00
5.488400000000000000e+09 -9.975928367999999935e+00
5.488480000000000000e+09 -9.975232456000000525e+00
5.488560000000000000e+09 -9.973741216000000520e+00
5.488640000000000000e+09 -9.973765759000000841e+00
5.488720000000000000e+09 -9.974219565000000287e+00
5.488800000000000000e+09 -9.973413964000000576e+00
5.488880000000000000e+09 -9.972085375000000695e+00
5.488960000000000000e+09 -9.971186956000000379e+00
5.489040000000000000e+09 -9.971308765999999935e+00
5.489120000000000000e+09 -9.971327069000000876e+00
5.489200000000000000e+09 -9.971250506000000513e+00
5.489280000000000000e+09 -9.969129731000000660e+00
5.489360000000000000e+09 -9.969330619000000837e+00
5.489440000000000000e+09 -9.970818806000000478e+00
5.489520000000000000e+09 -9.969057361999999145e+00
5.489600000000000000e+09 -9.968852759000000674e+00
5.489680000000000000e+09 -9.968972686000000749e+00
5.489760000000000000e+09 -9.967706345999999940e+00
5.489840000000000000e+09 -9.968650372000000814e+00
5.489920000000000000e+09 -9.968413466999999528e+00
5.490000000000000000e+09 -9.967823953999999986e+00
5.490080000000000000e+09 -9.969288128000000526e+00
5.490160000000000000e+09 -9.969628967000000230e+00
5.490240000000000000e+09 -9.969195909999999827e+00
5.490320000000000000e+09 -9.968039108999999343e+00
5.490400000000000000e+09 -9.967747655000000151e+00
5.490480000000000000e+09 -9.967112848999999386e+00
5.490560000000000000e+09 -9.967956829000000241e+00
5.490640000000000000e+09 -9.968488288999999725e+00
5.490720000000000000e+09 -9.968566509000000408e+00
5.490800000000000000e+09 -9.968449342999999629e+00
5.490880000000000000e+09 -9.969380729999999247e+00
5.490960000000000000e+09 -9.969417376999999192e+00
5.491040000000000000e+09 -9.968388277000000741e+00
5.491120000000000000e+09 -9.969745915000000736e+00
5.491200000000000000e+09 -9.970859130999999209e+00
5.491280000000000000e+09 -9.970736021000000449e+00
5.491360000000000000e+09 -9.971122046999999711e+00
5.491440000000000000e+09 -9.971401846999999208e+00
5.491520000000000000e+09 -9.972441777000000229e+00
5.491600000000000000e+09 -9.973018111000000019e+00
5.491680000000000000e+09 -9.970582307999999117e+00
5.491760000000000000e+09 -9.972126388999999591e+00
5.491840000000000000e+09 -9.972770024000000788e+00
5.491920000000000000e+09 -9.973600890000000163e+00
5.492000000000000000e+09 -9.973361454000000847e+00
5.492080000000000000e+09 -9.975162620000000757e+00
5.492160000000000000e+09 -9.974747259999999116e+00
5.492240000000000000e+09 -9.974219324999999969e+00
5.492320000000000000e+09 -9.976872459999999165e+00
5.492400000000000000e+09 -9.976181691000000740e+00
5.492480000000000000e+09 -9.975956660999999670e+00
5.492560000000000000e+09 -9.976462033000000673e+00
5.492640000000000000e+09 -9.978672867000000224e+00
5.492720000000000000e+09 -9.977210713999999925e+00
5.492800000000000000e+09 -9.979845060000000601e+00
5.492880000000000000e+09 -9.979597878999999949e+00
5.492960000000000000e+09 -9.980527352999999380e+00
5.493040000000000000e+09 -9.982996811999999665e+00
5.493120000000000000e+09 -9.981384229999999746e+00
5.493200000000000000e+09 -9.981597242999999509e+00
5.493280000000000000e+09 -9.983275275000000448e+00
5.493360000000000000e+09 -9.983465859000000719e+00
5.493440000000000000e+09 -9.982476304000000411e+00
5.493520000000000000e+09 -9.983981397999999174e+00
5.493600000000000000e+09 -9.985316547000000043e+00
5.493680000000000000e+09 -9.984925768000000090e+00
5.493760000000000000e+09 -9.986771596000000528e+00
5.493840000000000000e+09 -9.987981791999999359e+00
5.493920000000000000e+09 -9.989356983000000412e+00
5.494000000000000000e+09 -9.988432460000000290e+00
5.494080000000000000e+09 -9.988520206000000456e+00
5.494160000000000000e+09 -9.989204759999999794e+00
5.494240000000000000e+09 -9.991606663000000665e+00
5.494320000000000000e+09 -9.993078311999999741e+00
5.494400000000000000e+09 -9.992199252000000698e+00
5.494480000000000000e+09 -9.993437570999999409e+00
5.494560000000000000e+09 -9.994144610999999401e+00
5.494640000000000000e+09 -9.994189542999999176e+00
5.494720000000000000e+09 -9.994325901999999928e+00
5.494800000000000000e+09 -9.996318319000000230e+00
5.494880000000000000e+09 -9.997756340000000463e+00
5.494960000000000000e+09 -9.997433394999999834e+00
5.495040000000000000e+09 -9.998959085999999274e+00
5.495120000000000000e+09 -9.999563901000000143e+00
5.495200000000000000e+09 -9.999049926999999727e+00
5.495280000000000000e+09 -9.998813455000000516e+00
5.495360000000000000e+09 -1.000056466999999927e+01
5.495440000000000000e+09 -9.999830876000000757e+00
5.495520000000000000e+09 -1.000064455000000052e+01
5.495600000000000000e+09 -1.000086693000000082e+01
5.495680000000000000e+09 -9.999164392000000845e+00
5.495760000000000000e+09 -1.000221606999999935e+01
5.495840000000000000e+09 -1.000370376000000050e+01
5.495920000000000000e+09 -1.000639181999999927e+01
5.496000000000000000e+09 -1.000525859000000040e+01
5.496080000000000000e+09 -1.000503673999999954e+01
5.496160000000000000e+09 -1.000567595999999959e+01
5.496240000000000000e+09 -1.000744549999999933e+01
5.496320000000000000e+09 -1.000757723999999982e+01
5.496400000000000000e+09 -1.000814021000000054e+01
5.496480000000000000e+09 -1.000869263999999959e+01
5.496560000000000000e+09 -1.000929237999999977e+01
5.496640000000000000e+09 -1.000933140000000066e+01
5.496720000000000000e+09 -1.000944686000000061e+01
5.496800000000000000e+09 -1.000889774000000010e+01
5.496880000000000000e+09 -1.001167135000000030e+01
5.496960000000000000e+09 -1.001111547000000002e+01
5.497040000000000000e+09 -1.001211830999999997e+01
5.497120000000000000e+09 -1.001338005999999936e+01
5.497200000000000000e+09 -1.001483782999999939e+01
5.497280000000000000e+09 -1.001441370999999947e+01
5.497360000000000000e+09 -1.001374030000000026e+01
5.497440000000000000e+09 -1.001525735000000061e+01
5.497520000000000000e+09 -1.001467369999999946e+01
5.497600000000000000e+09 -1.001319093000000038e+01
5.497680000000000000e+09 -1.001485379999999914e+01
5.497760000000000000e+09 -1.001570753000000025e+01
5.497840000000000000e+09 -1.001517677999999911e+01
5.497920000000000000e+09 -1.001700428999999914e+01
5.498000000000000000e+09 -1.001715014000000004e+01
5.498080000000000000e+09 -1.001719268999999990e+01
5.498160000000000000e+09 -1.001836154000000079e+01
5.498240000000000000e+09 -1.001707548999999986e+01
5.498320000000000000e+09 -1.001893347000000034e+01
5.498400000000000000e+09 -1.001945996999999977e+01
5.498480000000000000e+09 -1.001976203999999981e+01
5.498560000000000000e+09 -1.001916394000000032e+01
5.498640000000000000e+09 -1.002101045000000035e+01
5.498720000000000000e+09 -1.002023787999999982e+01
5.498800000000000000e+09 -1.002147983999999958e+01
5.498880000000000000e+09 -1.002145963000000073e+01
5.498960000000000000e+09 -1.002278525999999914e+01
5.499040000000000000e+09 -1.002130898000000059e+01
5.499120000000000000e+09 -1.002239007000000015e+01
5.499200000000000000e+09 -1.002206576000000027e+01
5.499280000000000000e+09 -1.002267495000000075e+01
5.499360000000000000e+09 -1.002294421000000035e+01
5.499440000000000000e+09 -1.002400410000000086e+01
5.499520000000000000e+09 -1.002370492000000013e+01
5.499600000000000000e+09 -1.002432536000000063e+01
5.499680000000000000e+09 -1.002297590000000049e+01
5.499760000000000000e+09 -1.002355599000000019e+01
5.499840000000000000e+09 -1.002473554000000000e+01
5.499920000000000000e+09 -1.002427933000000060e+01
5.500000000000000000e+09 -1.002432564000000070e+01
5.500080000000000000e+09 -1.002359037000000086e+01
5.500160000000000000e+09 -1.002379587999999977e+01
5.500240000000000000e+09 -1.002473445000000041e+01
5.500320000000000000e+09 -1.002382296999999944e+01
5.500400000000000000e+09 -1.002634738999999975e+01
5.500480000000000000e+09 -1.002525439999999968e+01
5.500560000000000000e+09 -1.002432555999999941e+01
5.500640000000000000e+09 -1.002653152999999975e+01
5.500720000000000000e+09 -1.002618028000000017e+01
5.500800000000000000e+09 -1.002767097000000085e+01
5.500880000000000000e+09 -1.002602807999999968e+01
5.500960000000000000e+09 -1.002615639000000058e+01
5.501040000000000000e+09 -1.002591478999999985e+01
5.501120000000000000e+09 -1.002739494000000064e+01
5.501200000000000000e+09 -1.002570929000000000e+01
5.501280000000000000e+09 -1.002691682000000029e+01
5.501360000000000000e+09 -1.002789980000000014e+01
5.501440000000000000e+09 -1.002659951000000049e+01
5.501520000000000000e+09 -1.002855120999999983e+01
5.501600000000000000e+09 -1.002822072000000020e+01
5.501680000000000000e+09 -1.002707943000000057e+01
5.501760000000000000e+09 -1.002896168000000010e+01
5.501840000000000000e+09 -1.002887572999999932e+01
5.501920000000000000e+09 -1.002721790999999918e+01
5.502000000000000000e+09 -1.002900829999999921e+01
5.502080000000000000e+09 -1.002886668000000014e+01
5.502160000000000000e+09 -1.003048427000000054e+01
5.502240000000000000e+09 -1.002864557000000012e+01
5.502320000000000000e+09 -1.002750130999999989e+01
5.502400000000000000e+09 -1.002739144999999965e+01
5.502480000000000000e+09 -1.002818551999999919e+01
5.502560000000000000e+09 -1.002930285999999960e+01
5.502640000000000000e+09 -1.003079819999999955e+01
5.502720000000000000e+09 -1.003040013000000030e+01
5.502800000000000000e+09 -1.003096668999999963e+01
5.502880000000000000e+09 -1.003149553999999988e+01
5.502960000000000000e+09 -1.003098239000000014e+01
5.503040000000000000e+09 -1.003325828000000008e+01
5.503120000000000000e+09 -1.003273626000000007e+01
5.503200000000000000e+09 -1.003270058000000020e+01
5.503280000000000000e+09 -1.003245105999999964e+01
5.503360000000000000e+09 -1.003079525999999966e+01
5.503440000000000000e+09 -1.003343087999999916e+01
5.503520000000000000e+09 -1.003307384999999918e+01
5.503600000000000000e+09 -1.003361461999999982e+01
5.503680000000000000e+09 -1.003425775999999914e+01
5.503760000000000000e+09 -1.003430559999999971e+01
5.503840000000000000e+09 -1.003353695999999928e+01
5.503920000000000000e+09 -1.003510628999999987e+01
5.504000000000000000e+09 -1.003527854000000019e+01
5.504080000000000000e+09 -1.003630461000000018e+01
5.504160000000000000e+09 -1.003410966999999943e+01
5.504240000000000000e+09 -1.003478454999999947e+01
5.504320000000000000e+09 -1.003548040000000086e+01
5.504400000000000000e+09 -1.003578901999999928e+01
5.504480000000000000e+09 -1.003532884000000003e+01
5.504560000000000000e+09 -1.003679258000000019e+01
5.504640000000000000e+09 -1.003547380999999916e+01
5.504720000000000000e+09 -1.003723701000000013e+01
5.504800000000000000e+09 -1.003949678999999939e+01
5.504880000000000000e+09 -1.004023482000000023e+01
5.504960000000000000e+09 -1.003928097000000008e+01
5.505040000000000000e+09 -1.004001515999999938e+01
5.505120000000000000e+09 -1.004067105000000026e+01
5.505200000000000000e+09 -1.004172170000000008e+01
5.505280000000000000e+09 -1.003971426000000022e+01
5.505360000000000000e+09 -1.004033349999999913e+01
5.505440000000000000e+09 -1.004039397999999927e+01
5.505520000000000000e+09 -1.004086784999999971e+01
5.505600000000000000e+09 -1.004307836999999992e+01
5.505680000000000000e+09 -1.004207399999999950e+01
5.505760000000000000e+09 -1.004364540999999988e+01
5.505840000000000000e+09 -1.004546223000000005e+01
5.505920000000000000e+09 -1.004555170999999980e+01
5.506000000000000000e+09 -1.004417147000000021e+01
5.506080000000000000e+09 -1.004495078999999969e+01
5.506160000000000000e+09 -1.004585989999999995e+01
5.506240000000000000e+09 -1.004609164000000021e+01
5.506320000000000000e+09 -1.004781344000000054e+01
5.506400000000000000e+09 -1.004653485999999951e+01
5.506480000000000000e+09 -1.004580958999999929e+01
5.506560000000000000e+09 -1.004728695000000016e+01
5.506640000000000000e+09 -1.004747461000000008e+01
5.506720000000000000e+09 -1.004846488999999998e+01
5.506800000000000000e+09 -1.004815909000000040e+01
5.506880000000000000e+09 -1.004811525000000039e+01
5.506960000000000000e+09 -1.004686219999999963e+01
5.507040000000000000e+09 -1.004988703999999977e+01
5.507120000000000000e+09 -1.005175792000000001e+01
5.507200000000000000e+09 -1.005068183999999931e+01
5.507280000000000000e+09 -1.005012046000000048e+01
5.507360000000000000e+09 -1.005164382999999972e+01
5.507440000000000000e+09 -1.005142941999999984e+01
5.507520000000000000e+09 -1.005094479000000085e+01
5.507600000000000000e+09 -1.005281650000000049e+01
5.507680000000000000e+09 -1.005354501000000056e+01
5.507760000000000000e+09 -1.005492796000000055e+01
5.507840000000000000e+09 -1.005461831000000039e+01
5.507920000000000000e+09 -1.005590879000000015e+01
5.508000000000000000e+09 -1.005653264999999941e+01
5.508080000000000000e+09 -1.005570645000000063e+01
5.508160000000000000e+09 -1.005616908000000009e+01
5.508240000000000000e+09 -1.005674896000000018e+01
5.508320000000000000e+09 -1.005806718000000011e+01
5.508400000000000000e+09 -1.005766260000000045e+01
5.508480000000000000e+09 -1.005719142000000055e+01
5.508560000000000000e+09 -1.005794522000000057e+01
5.508640000000000000e+09 -1.005946961000000073e+01
5.508720000000000000e+09 -1.006023483999999968e+01
5.508800000000000000e+09 -1.006242349000000047e+01
5.508880000000000000e+09 -1.006154408999999994e+01
5.508960000000000000e+09 -1.006202663999999913e+01
5.509040000000000000e+09 -1.006262811999999940e+01
5.509120000000000000e+09 -1.006277827999999985e+01
5.509200000000000000e+09 -1.006539566000000008e+01
5.509280000000000000e+09 -1.006318173000000016e+01
5.509360000000000000e+09 -1.006603074000000042e+01
5.509440000000000000e+09 -1.006540099000000055e+01
5.509520000000000000e+09 -1.006641139999999979e+01
5.509600000000000000e+09 -1.006810815000000048e+01
5.509680000000000000e+09 -1.006637931999999935e+01
5.509760000000000000e+09 -1.006956824000000061e+01
5.509840000000000000e+09 -1.006873545000000014e+01
5.509920000000000000e+09 -1.006777300999999980e+01
5.510000000000000000e+09 -1.007083556999999985e+01
5.510080000000000000e+09 -1.007109280000000062e+01
5.510160000000000000e+09 -1.007132947999999928e+01
5.510240000000000000e+09 -1.007301335000000009e+01
5.510320000000000000e+09 -1.007323567999999980e+01
5.510400000000000000e+09 -1.007444251999999985e+01
5.510480000000000000e+09 -1.007397019000000071e+01
5.510560000000000000e+09 -1.007524388999999942e+01
5.510640000000000000e+09 -1.007422487999999916e+01
5.510720000000000000e+09 -1.007543465000000005e+01
5.510800000000000000e+09 -1.007690131000000022e+01
5.510880000000000000e+09 -1.007682757000000073e+01
5.510960000000000000e+09 -1.007730060999999999e+01
5.511040000000000000e+09 -1.007752314999999932e+01
5.511120000000000000e+09 -1.007826033000000088e+01
5.511200000000000000e+09 -1.007857987999999949e+01
5.511280000000000000e+09 -1.008047724000000045e+01
5.511360000000000000e+09 -1.008009700999999936e+01
5.511440000000000000e+09 -1.008170175999999962e+01
5.511520000000000000e+09 -1.008119742999999957e+01
5.511600000000000000e+09 -1.008200403000000023e+01
5.511680000000000000e+09 -1.008152137000000081e+01
5.511760000000000000e+09 -1.008306843999999991e+01
5.511840000000000000e+09 -1.008314573000000003e+01
5.511920000000000000e+09 -1.008338550999999939e+01
5.512000000000000000e+09 -1.008393867000000022e+01
5.512080000000000000e+09 -1.008478653999999963e+01
5.512160000000000000e+09 -1.008458476999999931e+01
5.512240000000000000e+09 -1.008584233999999924e+01
5.512320000000000000e+09 -1.008581524000000051e+01
5.512400000000000000e+09 -1.008654233999999938e+01
5.512480000000000000e+09 -1.008901604999999968e+01
5.512560000000000000e+09 -1.008846197999999994e+01
5.512640000000000000e+09 -1.008807061999999988e+01
5.512720000000000000e+09 -1.008934947000000015e+01
5.512800000000000000e+09 -1.008954480999999959e+01
5.512880000000000000e+09 -1.009002882000000056e+01
5.512960000000000000e+09 -1.009002854999999954e+01
5.513040000000000000e+09 -1.009050116999999958e+01
5.513120000000000000e+09 -1.009091152000000058e+01
5.513200000000000000e+09 -1.009128648999999989e+01
5.513280000000000000e+09 -1.009062162999999934e+01
5.513360000000000000e+09 -1.009248352000000004e+01
5.513440000000000000e+09 -1.009357211999999926e+01
5.513520000000000000e+09 -1.009369234000000048e+01
5.513600000000000000e+09 -1.009490045999999985e+01
5.513680000000000000e+09 -1.009352814999999914e+01
5.513760000000000000e+09 -1.009426039999999958e+01
5.513840000000000000e+09 -1.009496427000000018e+01
5.513920000000000000e+09 -1.009505981000000041e+01
5.514000000000000000e+09 -1.009420753000000026e+01
5.514080000000000000e+09 -1.009522143999999955e+01
5.514160000000000000e+09 -1.009612051999999949e+01
5.514240000000000000e+09 -1.009699196999999948e+01
5.514320000000000000e+09 -1.009665462999999974e+01
5.514400000000000000e+09 -1.009817480000000067e+01
5.514480000000000000e+09 -1.009618906999999943e+01
5.514560000000000000e+09 -1.009774460999999945e+01
5.514640000000000000e+09 -1.009651584999999940e+01
5.514720000000000000e+09 -1.009752188000000039e+01
5.514800000000000000e+09 -1.009814712999999919e+01
5.514880000000000000e+09 -1.009760363000000005e+01
5.514960000000000000e+09 -1.009800378000000087e+01
5.515040000000000000e+09 -1.009801807999999923e+01
5.515120000000000000e+09 -1.009937118000000034e+01
5.515200000000000000e+09 -1.009892563000000010e+01
5.515280000000000000e+09 -1.010034955000000068e+01
5.515360000000000000e+09 -1.010008447000000054e+01
5.515440000000000000e+09 -1.009915295000000057e+01
5.515520000000000000e+09 -1.010082764000000033e+01
5.515600000000000000e+09 -1.009945229000000033e+01
5.515680000000000000e+09 -1.009914148000000012e+01
5.515760000000000000e+09 -1.010011788999999993e+01
5.515840000000000000e+09 -1.009953291999999969e+01
5.515920000000000000e+09 -1.010029714000000034e+01
5.516000000000000000e+09 -1.009800173000000001e+01
5.516080000000000000e+09 -1.010040251999999938e+01
5.516160000000000000e+09 -1.009972767000000005e+01
5.516240000000000000e+09 -1.009918264999999948e+01
5.516320000000000000e+09 -1.009924570999999993e+01
5.516400000000000000e+09 -1.009818353000000002e+01
5.516480000000000000e+09 -1.010028012000000075e+01
5.516560000000000000e+09 -1.010071298999999989e+01
5.516640000000000000e+09 -1.010048328000000062e+01
5.516720000000000000e+09 -1.009999121000000066e+01
5.516800000000000000e+09 -1.009753652000000024e+01
5.516880000000000000e+09 -1.009871086999999967e+01
5.516960000000000000e+09 -1.010025246000000010e+01
5.517040000000000000e+09 -1.009728875000000059e+01
5.517120000000000000e+09 -1.009712288999999963e+01
5.517200000000000000e+09 -1.009904202999999967e+01
5.517280000000000000e+09 -1.009666127000000024e+01
5.517360000000000000e+09 -1.009752658000000025e+01
5.517440000000000000e+09 -1.009491013999999964e+01
5.517520000000000000e+09 -1.009629593000000014e+01
5.517600000000000000e+09 -1.009585636999999991e+01
5.517680000000000000e+09 -1.009640667000000036e+01
5.517760000000000000e+09 -1.009502688999999975e+01
5.517840000000000000e+09 -1.009393795999999988e+01
5.517920000000000000e+09 -1.009377173000000028e+01
5.518000000000000000e+09 -1.009502516999999955e+01
5.518080000000000000e+09 -1.009219788999999956e+01
5.518160000000000000e+09 -1.009278426000000017e+01
5.518240000000000000e+09 -1.009303923000000047e+01
5.518320000000000000e+09 -1.009171010000000024e+01
5.518400000000000000e+09 -1.009159990999999934e+01
5.518480000000000000e+09 -1.009164636000000037e+01
5.518560000000000000e+09 -1.009217862000000032e+01
5.518640000000000000e+09 -1.009007657999999985e+01
5.518720000000000000e+09 -1.009023320999999918e+01
5.518800000000000000e+09 -1.009116376999999964e+01
5.518880000000000000e+09 -1.009125131000000053e+01
5.518960000000000000e+09 -1.009075106999999960e+01
5.519040000000000000e+09 -1.008960399000000052e+01
5.519120000000000000e+09 -1.008890324999999955e+01
5.519200000000000000e+09 -1.008877412000000007e+01
5.519280000000000000e+09 -1.008779436999999923e+01
5.519360000000000000e+09 -1.008778642000000048e+01
5.519440000000000000e+09 -1.008735556999999972e+01
5.519520000000000000e+09 -1.008479095999999942e+01
5.519600000000000000e+09 -1.008816136999999991e+01
5.519680000000000000e+09 -1.008374809000000027e+01
5.519760000000000000e+09 -1.008321594999999959e+01
5.519840000000000000e+09 -1.008465076999999965e+01
5.519920000000000000e+09 -1.008217937999999947e+01
5.520000000000000000e+09 -1.008284023999999945e+01
