5.440000000000000000e+09 -9.160366836999999762e+00
5.440080000000000000e+09 -9.159844312000000599e+00
5.440160000000000000e+09 -9.160021816000000427e+00
5.440240000000000000e+09 -9.159494102000000026e+00
5.440320000000000000e+09 -9.159657594000000458e+00
5.440400000000000000e+09 -9.160263435999999260e+00
5.440480000000000000e+09 -9.159557570000000482e+00
5.440560000000000000e+09 -9.158379216000000156e+00
5.440640000000000000e+09 -9.159333276999999995e+00
5.440720000000000000e+09 -9.159744708999999929e+00
5.440800000000000000e+09 -9.160782747000000725e+00
5.440880000000000000e+09 -9.160161990000000642e+00
5.440960000000000000e+09 -9.162317126999999672e+00
5.441040000000000000e+09 -9.161878591000000682e+00
5.441120000000000000e+09 -9.162754716000000244e+00
5.441200000000000000e+09 -9.162646319000000261e+00
5.441280000000000000e+09 -9.166990095999999255e+00
5.441360000000000000e+09 -9.164090257999999878e+00
5.441440000000000000e+09 -9.163841129999999779e+00
5.441520000000000000e+09 -9.164903352999999697e+00
5.441600000000000000e+09 -9.166859683000000203e+00
5.441680000000000000e+09 -9.167395623000000882e+00
5.441760000000000000e+09 -9.165935461000000117e+00
5.441840000000000000e+09 -9.166987707000000540e+00
5.441920000000000000e+09 -9.164401853999999403e+00
5.442000000000000000e+09 -9.166776034999999823e+00
5.442080000000000000e+09 -9.168332611000000298e+00
5.442160000000000000e+09 -9.168050194999999292e+00
5.442240000000000000e+09 -9.167949834999999936e+00
5.442320000000000000e+09 -9.170620818999999813e+00
5.442400000000000000e+09 -9.168789694000000878e+00
5.442480000000000000e+09 -9.168756755000000425e+00
5.442560000000000000e+09 -9.170229216999999267e+00
5.442640000000000000e+09 -9.170343873000000201e+00
5.442720000000000000e+09 -9.172290973999999153e+00
5.442800000000000000e+09 -9.173404996000000367e+00
5.442880000000000000e+09 -9.172578285000000164e+00
5.442960000000000000e+09 -9.171876240999999652e+00
5.443040000000000000e+09 -9.173553426999999871e+00
5.443120000000000000e+09 -9.173862914000000757e+00
5.443200000000000000e+09 -9.174286751000000351e+00
5.443280000000000000e+09 -9.175667345000000807e+00
5.443360000000000000e+09 -9.175694451000000029e+00
5.443440000000000000e+09 -9.191900817000000501e+00
5.443520000000000000e+09 -9.176338175999999791e+00
5.443600000000000000e+09 -9.176108711999999556e+00
5.443680000000000000e+09 -9.176282503999999562e+00
5.443760000000000000e+09 -9.177881059000000619e+00
5.443840000000000000e+09 -9.177247405999999330e+00
5.443920000000000000e+09 -9.180242676000000657e+00
5.444000000000000000e+09 -9.181154649999999862e+00
5.444080000000000000e+09 -9.180305076999999869e+00
5.444160000000000000e+09 -9.180754911999999379e+00
5.444240000000000000e+09 -9.180756339000000210e+00
5.444320000000000000e+09 -9.182275086000000641e+00
5.444400000000000000e+09 -9.183015463000000267e+00
5.444480000000000000e+09 -9.182034383999999605e+00
5.444560000000000000e+09 -9.184185275999999121e+00
5.444640000000000000e+09 -9.185419589000000329e+00
5.444720000000000000e+09 -9.185564513999999292e+00
5.444800000000000000e+09 -9.187350412000000688e+00
5.444880000000000000e+09 -9.187345892999999819e+00
5.444960000000000000e+09 -9.187487041000000687e+00
5.445040000000000000e+09 -9.189277058000000054e+00
5.445120000000000000e+09 -9.191157135999999284e+00
5.445200000000000000e+09 -9.189350767000000531e+00
5.445280000000000000e+09 -9.191167178000000604e+00
5.445360000000000000e+09 -9.190163534999999939e+00
5.445440000000000000e+09 -9.192886008000000331e+00
5.445520000000000000e+09 -9.192719010999999441e+00
5.445600000000000000e+09 -9.193997274000000886e+00
5.445680000000000000e+09 -9.192841841999999986e+00
5.445760000000000000e+09 -9.196027695999999807e+00
5.445840000000000000e+09 -9.193393685000000204e+00
5.445920000000000000e+09 -9.197060875000000024e+00
5.446000000000000000e+09 -9.197405733000000083e+00
5.446080000000000000e+09 -9.197192185000000464e+00
5.446160000000000000e+09 -9.200051585000000642e+00
5.446240000000000000e+09 -9.198872195999999946e+00
5.446320000000000000e+09 -9.198722555999999884e+00
5.446400000000000000e+09 -9.199989203999999532e+00
5.446480000000000000e+09 -9.200355062999999944e+00
5.446560000000000000e+09 -9.198554980999999131e+00
5.446640000000000000e+09 -9.202942177000000612e+00
5.446720000000000000e+09 -9.203248234000000139e+00
5.446800000000000000e+09 -9.205792467000000201e+00
5.446880000000000000e+09 -9.205761498999999404e+00
5.446960000000000000e+09 -9.205264230999999242e+00
5.447040000000000000e+09 -9.208465236000000331e+00
5.447120000000000000e+09 -9.208961714999999160e+00
5.447200000000000000e+09 -9.209614484999999462e+00
5.447280000000000000e+09 -9.210401637000000363e+00
5.447360000000000000e+09 -9.211257172999999909e+00
5.447440000000000000e+09 -9.212413258999999854e+00
5.447520000000000000e+09 -9.212359264999999908e+00
5.447600000000000000e+09 -9.212915493000000566e+00
5.447680000000000000e+09 -9.214482077999999632e+00
5.447760000000000000e+09 -9.215829447999999147e+00
5.447840000000000000e+09 -9.216741533000000430e+00
5.447920000000000000e+09 -9.217749012000000519e+00
5.448000000000000000e+09 -9.218204825000000824e+00
5.448080000000000000e+09 -9.220529832000000425e+00
5.448160000000000000e+09 -9.220674966000000694e+00
5.448240000000000000e+09 -9.221644394000000133e+00
5.448320000000000000e+09 -9.224410443000000015e+00
5.448400000000000000e+09 -9.223625769999999946e+00
5.448480000000000000e+09 -9.225959807000000623e+00
5.448560000000000000e+09 -9.226608064000000553e+00
5.448640000000000000e+09 -9.228370784999999188e+00
5.448720000000000000e+09 -9.229781064999999174e+00
5.448800000000000000e+09 -9.230245658999999492e+00
5.448880000000000000e+09 -9.231105001999999615e+00
5.448960000000000000e+09 -9.233187115999999861e+00
5.449040000000000000e+09 -9.231748272999999116e+00
5.449120000000000000e+09 -9.232942411999999877e+00
5.449200000000000000e+09 -9.235759827000000755e+00
5.449280000000000000e+09 -9.235167860000000672e+00
5.449360000000000000e+09 -9.238100784000000232e+00
5.449440000000000000e+09 -9.239253283000000039e+00
5.449520000000000000e+09 -9.239941756000000339e+00
5.449600000000000000e+09 -9.241199096000000779e+00
5.449680000000000000e+09 -9.243723804000000044e+00
5.449760000000000000e+09 -9.243960752999999642e+00
5.449840000000000000e+09 -9.243000196000000557e+00
5.449920000000000000e+09 -9.245866501000000071e+00
5.450000000000000000e+09 -9.246317554000000882e+00
5.450080000000000000e+09 -9.247200356000000454e+00
5.450160000000000000e+09 -9.248996614999999366e+00
5.450240000000000000e+09 -9.249624234000000556e+00
5.450320000000000000e+09 -9.251130033999999114e+00
5.450400000000000000e+09 -9.253102154000000468e+00
5.450480000000000000e+09 -9.253723690999999363e+00
5.450560000000000000e+09 -9.254800596999999129e+00
5.450640000000000000e+09 -9.253863107000000809e+00
5.450720000000000000e+09 -9.258864794999999148e+00
5.450800000000000000e+09 -9.258362060999999699e+00
5.450880000000000000e+09 -9.261801458000000764e+00
5.450960000000000000e+09 -9.260743748999999525e+00
5.451040000000000000e+09 -9.264126758999999822e+00
5.451120000000000000e+09 -9.264780560000000165e+00
5.451200000000000000e+09 -9.264523544999999416e+00
5.451280000000000000e+09 -9.267578811999999999e+00
5.451360000000000000e+09 -9.268400944999999780e+00
5.451440000000000000e+09 -9.270535898000000330e+00
5.451520000000000000e+09 -9.271677608999999265e+00
5.451600000000000000e+09 -9.271650284999999769e+00
5.451680000000000000e+09 -9.271814302999999313e+00
5.451760000000000000e+09 -9.273236602000000772e+00
5.451840000000000000e+09 -9.275739743000000814e+00
5.451920000000000000e+09 -9.279769924000000003e+00
5.452000000000000000e+09 -9.279661799999999516e+00
5.452080000000000000e+09 -9.278626358000000351e+00
5.452160000000000000e+09 -9.281760819000000495e+00
5.452240000000000000e+09 -9.282757245999999185e+00
5.452320000000000000e+09 -9.285201375999999840e+00
5.452400000000000000e+09 -9.285431374999999932e+00
5.452480000000000000e+09 -9.286369478999999316e+00
5.452560000000000000e+09 -9.287217205999999337e+00
5.452640000000000000e+09 -9.287930407999999360e+00
5.452720000000000000e+09 -9.289912924999999433e+00
5.452800000000000000e+09 -9.291083704000000054e+00
5.452880000000000000e+09 -9.291955587000000349e+00
5.452960000000000000e+09 -9.292988933000000173e+00
5.453040000000000000e+09 -9.296527202000000045e+00
5.453120000000000000e+09 -9.296504018000000258e+00
5.453200000000000000e+09 -9.298752662000000058e+00
5.453280000000000000e+09 -9.299665530000000402e+00
5.453360000000000000e+09 -9.301047823999999409e+00
5.453440000000000000e+09 -9.303010824999999429e+00
5.453520000000000000e+09 -9.304358308999999494e+00
5.453600000000000000e+09 -9.305363398000000785e+00
5.453680000000000000e+09 -9.307147153000000728e+00
5.453760000000000000e+09 -9.310125096000000156e+00
5.453840000000000000e+09 -9.308820724000000268e+00
5.453920000000000000e+09 -9.311623536999999118e+00
5.454000000000000000e+09 -9.312342472999999288e+00
5.454080000000000000e+09 -9.313644161999999227e+00
5.454160000000000000e+09 -9.314998101000000474e+00
5.454240000000000000e+09 -9.317432731000000246e+00
5.454320000000000000e+09 -9.319156569000000445e+00
5.454400000000000000e+09 -9.322120525000000768e+00
5.454480000000000000e+09 -9.323206230000000261e+00
5.454560000000000000e+09 -9.322982765000000782e+00
5.454640000000000000e+09 -9.323371571999999219e+00
5.454720000000000000e+09 -9.326196089999999828e+00
5.454800000000000000e+09 -9.329430656999999627e+00
5.454880000000000000e+09 -9.332749593999999149e+00
5.454960000000000000e+09 -9.332672909999999433e+00
5.455040000000000000e+09 -9.332549627000000569e+00
5.455120000000000000e+09 -9.335365128999999484e+00
5.455200000000000000e+09 -9.336022822000000332e+00
5.455280000000000000e+09 -9.335826723000000271e+00
5.455360000000000000e+09 -9.339228415999999200e+00
5.455440000000000000e+09 -9.341745346999999811e+00
5.455520000000000000e+09 -9.342925197999999654e+00
5.455600000000000000e+09 -9.344656570999999801e+00
5.455680000000000000e+09 -9.345148619999999795e+00
5.455760000000000000e+09 -9.348207114999999234e+00
5.455840000000000000e+09 -9.349521032000000176e+00
5.455920000000000000e+09 -9.352339974999999583e+00
5.456000000000000000e+09 -9.352775060999999113e+00
5.456080000000000000e+09 -9.355010602000000119e+00
5.456160000000000000e+09 -9.357813595999999734e+00
5.456240000000000000e+09 -9.358267064999999718e+00
5.456320000000000000e+09 -9.360199635000000740e+00
5.456400000000000000e+09 -9.361624854000000440e+00
5.456480000000000000e+09 -9.362034200000000084e+00
5.456560000000000000e+09 -9.364829552999999862e+00
5.456640000000000000e+09 -9.366143930999999867e+00
5.456720000000000000e+09 -9.367591470000000697e+00
5.456800000000000000e+09 -9.370879708000000363e+00
5.456880000000000000e+09 -9.372140756000000295e+00
5.456960000000000000e+09 -9.374002098000000061e+00
5.457040000000000000e+09 -9.375489333000000869e+00
5.457120000000000000e+09 -9.376692919999999987e+00
5.457200000000000000e+09 -9.380187913000000322e+00
5.457280000000000000e+09 -9.380478683999999845e+00
5.457360000000000000e+09 -9.382431756000000789e+00
5.457440000000000000e+09 -9.384681199999999279e+00
5.457520000000000000e+09 -9.385612433000000365e+00
5.457600000000000000e+09 -9.389246231999999637e+00
5.457680000000000000e+09 -9.391701397000000284e+00
5.457760000000000000e+09 -9.391277556000000359e+00
5.457840000000000000e+09 -9.394008175999999821e+00
5.457920000000000000e+09 -9.394535669999999783e+00
5.458000000000000000e+09 -9.397762403999999847e+00
5.458080000000000000e+09 -9.398854947000000237e+00
5.458160000000000000e+09 -9.401559479999999525e+00
5.458240000000000000e+09 -9.400909481999999429e+00
5.458320000000000000e+09 -9.403798397999999281e+00
5.458400000000000000e+09 -9.407121530999999592e+00
5.458480000000000000e+09 -9.409133390999999236e+00
5.458560000000000000e+09 -9.410861410000000760e+00
5.458640000000000000e+09 -9.411860397999999961e+00
5.458720000000000000e+09 -9.412995755000000742e+00
5.458800000000000000e+09 -9.416534278000000313e+00
5.458880000000000000e+09 -9.418615257000000796e+00
5.458960000000000000e+09 -9.419803294999999466e+00
5.459040000000000000e+09 -9.423191949999999650e+00
5.459120000000000000e+09 -9.424539662000000817e+00
5.459200000000000000e+09 -9.425587115000000793e+00
5.459280000000000000e+09 -9.428303963999999482e+00
5.459360000000000000e+09 -9.431445085000000006e+00
5.459440000000000000e+09 -9.433646219999999971e+00
5.459520000000000000e+09 -9.434464530999999710e+00
5.459600000000000000e+09 -9.437203885000000625e+00
5.459680000000000000e+09 -9.439963914999999872e+00
5.459760000000000000e+09 -9.440781866000000022e+00
5.459840000000000000e+09 -9.441949858999999279e+00
5.459920000000000000e+09 -9.444460710999999620e+00
5.460000000000000000e+09 -9.446828525000000809e+00
5.460080000000000000e+09 -9.449327757000000716e+00
5.460160000000000000e+09 -9.451532311999999436e+00
5.460240000000000000e+09 -9.452004897000000128e+00
5.460320000000000000e+09 -9.455518685999999562e+00
5.460400000000000000e+09 -9.457917158000000768e+00
5.460480000000000000e+09 -9.460415129999999451e+00
5.460560000000000000e+09 -9.462333902999999324e+00
5.460640000000000000e+09 -9.465027842999999663e+00
5.460720000000000000e+09 -9.466079136999999477e+00
5.460800000000000000e+09 -9.469393609999999128e+00
5.460880000000000000e+09 -9.470671916000000579e+00
5.460960000000000000e+09 -9.472869873000000496e+00
5.461040000000000000e+09 -9.476571707999999816e+00
5.461120000000000000e+09 -9.479566896999999770e+00
5.461200000000000000e+09 -9.479933774999999230e+00
5.461280000000000000e+09 -9.483155268000000859e+00
5.461360000000000000e+09 -9.484703812999999428e+00
5.461440000000000000e+09 -9.487280665000000113e+00
5.461520000000000000e+09 -9.490910791999999319e+00
5.461600000000000000e+09 -9.491089047999999195e+00
5.461680000000000000e+09 -9.494956347000000463e+00
5.461760000000000000e+09 -9.496229240999999988e+00
5.461840000000000000e+09 -9.499602017000000842e+00
5.461920000000000000e+09 -9.500727324999999723e+00
5.462000000000000000e+09 -9.504040078999999253e+00
5.462080000000000000e+09 -9.506012669000000415e+00
5.462160000000000000e+09 -9.511350700999999574e+00
5.462240000000000000e+09 -9.511476440999999227e+00
5.462320000000000000e+09 -9.515065167999999574e+00
5.462400000000000000e+09 -9.516928096999999198e+00
5.462480000000000000e+09 -9.518809776999999528e+00
5.462560000000000000e+09 -9.520757073000000403e+00
5.462640000000000000e+09 -9.522176470999999864e+00
5.462720000000000000e+09 -9.526656928999999607e+00
5.462800000000000000e+09 -9.529200615000000596e+00
5.462880000000000000e+09 -9.531976047000000563e+00
5.462960000000000000e+09 -9.533179739999999569e+00
5.463040000000000000e+09 -9.537101384999999709e+00
5.463120000000000000e+09 -9.540427471999999298e+00
5.463200000000000000e+09 -9.543358851000000698e+00
5.463280000000000000e+09 -9.544424559999999502e+00
5.463360000000000000e+09 -9.547666073000000253e+00
5.463440000000000000e+09 -9.551036101999999417e+00
5.463520000000000000e+09 -9.554787041999999175e+00
5.463600000000000000e+09 -9.557086159000000691e+00
5.463680000000000000e+09 -9.560408717999999695e+00
5.463760000000000000e+09 -9.564257058000000811e+00
5.463840000000000000e+09 -9.565300204999999778e+00
5.463920000000000000e+09 -9.568275205000000838e+00
5.464000000000000000e+09 -9.572268176999999767e+00
5.464080000000000000e+09 -9.573978455000000665e+00
5.464160000000000000e+09 -9.576595772999999312e+00
5.464240000000000000e+09 -9.579720787999999487e+00
5.464320000000000000e+09 -9.581370419000000638e+00
5.464400000000000000e+09 -9.588051455000000445e+00
5.464480000000000000e+09 -9.590142048000000585e+00
5.464560000000000000e+09 -9.591368823999999904e+00
5.464640000000000000e+09 -9.598048127000000207e+00
5.464720000000000000e+09 -9.597451483000000394e+00
5.464800000000000000e+09 -9.602557143000000295e+00
5.464880000000000000e+09 -9.606127480999999690e+00
5.464960000000000000e+09 -9.609328089999999989e+00
5.465040000000000000e+09 -9.612900863000000129e+00
5.465120000000000000e+09 -9.614816520999999838e+00
5.465200000000000000e+09 -9.620277675000000528e+00
5.465280000000000000e+09 -9.623619914000000719e+00
5.465360000000000000e+09 -9.626790765999999167e+00
5.465440000000000000e+09 -9.629966058000000828e+00
5.465520000000000000e+09 -9.630595638999999153e+00
5.465600000000000000e+09 -9.636695588000000257e+00
5.465680000000000000e+09 -9.641123470000000140e+00
5.465760000000000000e+09 -9.644087066000000874e+00
5.465840000000000000e+09 -9.647893532999999522e+00
5.465920000000000000e+09 -9.649265073000000470e+00
5.466000000000000000e+09 -9.657398061000000311e+00
5.466080000000000000e+09 -9.656904577000000600e+00
5.466160000000000000e+09 -9.661270813999999874e+00
5.466240000000000000e+09 -9.665736624999999194e+00
5.466320000000000000e+09 -9.671815400999999923e+00
5.466400000000000000e+09 -9.673864844000000573e+00
5.466480000000000000e+09 -9.678803480999999209e+00
5.466560000000000000e+09 -9.683902100999999263e+00
5.466640000000000000e+09 -9.683687865999999644e+00
5.466720000000000000e+09 -9.689419778999999622e+00
5.466800000000000000e+09 -9.694123729999999384e+00
5.466880000000000000e+09 -9.699517351000000787e+00
5.466960000000000000e+09 -9.703835586000000291e+00
5.467040000000000000e+09 -9.708854626999999127e+00
5.467120000000000000e+09 -9.711618093000000229e+00
5.467200000000000000e+09 -9.717001620999999645e+00
5.467280000000000000e+09 -9.718940916999999402e+00
5.467360000000000000e+09 -9.724506998000000735e+00
5.467440000000000000e+09 -9.729296812999999489e+00
5.467520000000000000e+09 -9.735097725999999341e+00
5.467600000000000000e+09 -9.741440018000000478e+00
5.467680000000000000e+09 -9.744389909000000571e+00
5.467760000000000000e+09 -9.750446347000000458e+00
5.467840000000000000e+09 -9.754596507000000472e+00
5.467920000000000000e+09 -9.761432013000000296e+00
5.468000000000000000e+09 -9.762752534000000537e+00
5.468080000000000000e+09 -9.771481743000000719e+00
5.468160000000000000e+09 -9.776276999000000245e+00
5.468240000000000000e+09 -9.781942629999999639e+00
5.468320000000000000e+09 -9.788404212999999743e+00
5.468400000000000000e+09 -9.794564604999999702e+00
5.468480000000000000e+09 -9.796669330000000286e+00
5.468560000000000000e+09 -9.804913880999999165e+00
5.468640000000000000e+09 -9.810764349999999467e+00
5.468720000000000000e+09 -9.816512875000000804e+00
5.468800000000000000e+09 -9.824132692999999250e+00
5.468880000000000000e+09 -9.828711695999999165e+00
5.468960000000000000e+09 -9.835987058000000616e+00
5.469040000000000000e+09 -9.841681100000000626e+00
5.469120000000000000e+09 -9.848946130999999937e+00
5.469200000000000000e+09 -9.853234326999999126e+00
5.469280000000000000e+09 -9.859732766000000481e+00
5.469360000000000000e+09 -9.866676268999999166e+00
5.469440000000000000e+09 -9.875205752999999476e+00
5.469520000000000000e+09 -9.880801501000000542e+00
5.469600000000000000e+09 -9.889479831999999249e+00
5.469680000000000000e+09 -9.897062673000000643e+00
5.469760000000000000e+09 -9.903754556999999181e+00
5.469840000000000000e+09 -9.912598442000000176e+00
5.469920000000000000e+09 -9.921001794000000373e+00
5.470000000000000000e+09 -9.927778983999999696e+00
5.470080000000000000e+09 -9.936298789000000298e+00
5.470160000000000000e+09 -9.943343869999999640e+00
5.470240000000000000e+09 -9.952030205999999879e+00
5.470320000000000000e+09 -9.961887803999999846e+00
5.470400000000000000e+09 -9.969808864000000881e+00
5.470480000000000000e+09 -9.979844617999999556e+00
5.470560000000000000e+09 -9.988464890999999568e+00
5.470640000000000000e+09 -9.997889479999999551e+00
5.470720000000000000e+09 -1.000831407999999989e+01
5.470800000000000000e+09 -1.001939394000000050e+01
5.470880000000000000e+09 -1.002824249000000023e+01
5.470960000000000000e+09 -1.003774413000000010e+01
5.471040000000000000e+09 -1.004675800999999957e+01
5.471120000000000000e+09 -1.005720679999999945e+01
5.471200000000000000e+09 -1.007165995999999986e+01
5.471280000000000000e+09 -1.007909854999999943e+01
5.471360000000000000e+09 -1.009165523000000064e+01
5.471440000000000000e+09 -1.010441967000000041e+01
5.471520000000000000e+09 -1.011520439000000060e+01
5.471600000000000000e+09 -1.012773351000000055e+01
5.471680000000000000e+09 -1.014058449000000017e+01
5.471760000000000000e+09 -1.015341444000000060e+01
5.471840000000000000e+09 -1.016727232000000036e+01
5.471920000000000000e+09 -1.017944916000000077e+01
5.472000000000000000e+09 -1.019435273999999936e+01
5.472080000000000000e+09 -1.020960778999999974e+01
5.472160000000000000e+09 -1.022278159000000031e+01
5.472240000000000000e+09 -1.023884677000000032e+01
5.472320000000000000e+09 -1.025444071999999984e+01
5.472400000000000000e+09 -1.026938606999999948e+01
5.472480000000000000e+09 -1.028462709000000075e+01
5.472560000000000000e+09 -1.030127058000000062e+01
5.472640000000000000e+09 -1.031820895999999976e+01
5.472720000000000000e+09 -1.033665285999999917e+01
5.472800000000000000e+09 -1.035416921000000023e+01
5.472880000000000000e+09 -1.037375693000000076e+01
5.472960000000000000e+09 -1.039101840999999915e+01
5.473040000000000000e+09 -1.041120193999999977e+01
5.473120000000000000e+09 -1.043215357000000054e+01
5.473200000000000000e+09 -1.045295596999999965e+01
5.473280000000000000e+09 -1.047482240000000075e+01
5.473360000000000000e+09 -1.049595429999999929e+01
5.473440000000000000e+09 -1.051669219000000055e+01
5.473520000000000000e+09 -1.054288792000000008e+01
5.473600000000000000e+09 -1.056817923999999920e+01
5.473680000000000000e+09 -1.059255759000000019e+01
5.473760000000000000e+09 -1.061683720999999991e+01
5.473840000000000000e+09 -1.064349005999999953e+01
5.473920000000000000e+09 -1.066918665999999938e+01
5.474000000000000000e+09 -1.069935622000000031e+01
5.474080000000000000e+09 -1.072719129999999943e+01
5.474160000000000000e+09 -1.075554947000000006e+01
5.474240000000000000e+09 -1.078529948000000083e+01
5.474320000000000000e+09 -1.082117988999999980e+01
5.474400000000000000e+09 -1.085181283000000008e+01
5.474480000000000000e+09 -1.088432560999999943e+01
5.474560000000000000e+09 -1.091917465999999948e+01
5.474640000000000000e+09 -1.095442229000000012e+01
5.474720000000000000e+09 -1.099007332000000048e+01
5.474800000000000000e+09 -1.102769243999999915e+01
5.474880000000000000e+09 -1.106694650999999929e+01
5.474960000000000000e+09 -1.110793639999999982e+01
5.475040000000000000e+09 -1.114747202000000037e+01
5.475120000000000000e+09 -1.119110137000000016e+01
5.475200000000000000e+09 -1.123393197999999948e+01
5.475280000000000000e+09 -1.127953143999999952e+01
5.475360000000000000e+09 -1.132537781999999993e+01
5.475440000000000000e+09 -1.137166322000000029e+01
5.475520000000000000e+09 -1.142202226000000032e+01
5.475600000000000000e+09 -1.147040383999999946e+01
5.475680000000000000e+09 -1.152113701000000034e+01
5.475760000000000000e+09 -1.157424628000000055e+01
5.475840000000000000e+09 -1.162588741999999975e+01
5.475920000000000000e+09 -1.167780701999999948e+01
5.476000000000000000e+09 -1.173427949999999953e+01
5.476080000000000000e+09 -1.179023858000000047e+01
5.476160000000000000e+09 -1.184618047999999924e+01
5.476240000000000000e+09 -1.190157714000000055e+01
5.476320000000000000e+09 -1.195868789999999926e+01
5.476400000000000000e+09 -1.201588079000000064e+01
5.476480000000000000e+09 -1.207298413000000004e+01
5.476560000000000000e+09 -1.212785494000000064e+01
5.476640000000000000e+09 -1.218427825999999925e+01
5.476720000000000000e+09 -1.224004103000000043e+01
5.476800000000000000e+09 -1.229360581000000074e+01
5.476880000000000000e+09 -1.234621229000000042e+01
5.476960000000000000e+09 -1.239664896999999932e+01
5.477040000000000000e+09 -1.244389624999999988e+01
5.477120000000000000e+09 -1.248775368000000086e+01
5.477200000000000000e+09 -1.253150128000000052e+01
5.477280000000000000e+09 -1.256859569000000043e+01
5.477360000000000000e+09 -1.260401655999999981e+01
5.477440000000000000e+09 -1.263526202999999981e+01
5.477520000000000000e+09 -1.265832055999999994e+01
5.477600000000000000e+09 -1.267846540000000033e+01
5.477680000000000000e+09 -1.269113326999999991e+01
5.477760000000000000e+09 -1.269959464000000082e+01
5.477840000000000000e+09 -1.270263405000000034e+01
5.477920000000000000e+09 -1.270061031000000007e+01
5.478000000000000000e+09 -1.269115524999999955e+01
5.478080000000000000e+09 -1.267335345000000046e+01
5.478160000000000000e+09 -1.265338545000000003e+01
5.478240000000000000e+09 -1.262319152000000066e+01
5.478320000000000000e+09 -1.258978862999999926e+01
5.478400000000000000e+09 -1.254789889999999986e+01
5.478480000000000000e+09 -1.250268347999999996e+01
5.478560000000000000e+09 -1.245378383000000078e+01
5.478640000000000000e+09 -1.239807221000000048e+01
5.478720000000000000e+09 -1.234156901000000062e+01
5.478800000000000000e+09 -1.227403389000000011e+01
5.478880000000000000e+09 -1.220678239999999981e+01
5.478960000000000000e+09 -1.213505523999999980e+01
5.479040000000000000e+09 -1.206290629999999986e+01
5.479120000000000000e+09 -1.198951768000000051e+01
5.479200000000000000e+09 -1.191401639999999951e+01
5.479280000000000000e+09 -1.183709325000000057e+01
5.479360000000000000e+09 -1.176024355999999926e+01
5.479440000000000000e+09 -1.168135153999999964e+01
5.479520000000000000e+09 -1.160348113999999953e+01
5.479600000000000000e+09 -1.152491404000000053e+01
5.479680000000000000e+09 -1.144450254000000022e+01
5.479760000000000000e+09 -1.136920733000000006e+01
5.479840000000000000e+09 -1.129238830999999976e+01
5.479920000000000000e+09 -1.121581924999999913e+01
5.480000000000000000e+09 -1.114383656999999950e+01
5.480080000000000000e+09 -1.107328541999999949e+01
5.480160000000000000e+09 -1.100394958000000045e+01
5.480240000000000000e+09 -1.093560008000000039e+01
5.480320000000000000e+09 -1.086692608999999976e+01
5.480400000000000000e+09 -1.080183103000000067e+01
5.480480000000000000e+09 -1.074197790000000019e+01
5.480560000000000000e+09 -1.067931034999999973e+01
5.480640000000000000e+09 -1.061986873000000031e+01
5.480720000000000000e+09 -1.056396744000000076e+01
5.480800000000000000e+09 -1.050900487000000005e+01
5.480880000000000000e+09 -1.045565741999999965e+01
5.480960000000000000e+09 -1.040485379999999971e+01
5.481040000000000000e+09 -1.035614720999999960e+01
5.481120000000000000e+09 -1.030941639000000087e+01
5.481200000000000000e+09 -1.026311568000000030e+01
5.481280000000000000e+09 -1.022238426000000011e+01
5.481360000000000000e+09 -1.018115150000000035e+01
5.481440000000000000e+09 -1.013901981999999968e+01
5.481520000000000000e+09 -1.009957681000000029e+01
5.481600000000000000e+09 -1.006553657999999984e+01
5.481680000000000000e+09 -1.002975217999999913e+01
5.481760000000000000e+09 -9.996360365999999331e+00
5.481840000000000000e+09 -9.962126342999999551e+00
5.481920000000000000e+09 -9.933507008999999499e+00
5.482000000000000000e+09 -9.903381397000000419e+00
5.482080000000000000e+09 -9.875526946000000805e+00
5.482160000000000000e+09 -9.849296293000000091e+00
5.482240000000000000e+09 -9.822660096999999979e+00
5.482320000000000000e+09 -9.798958713999999404e+00
5.482400000000000000e+09 -9.775575727999999742e+00
5.482480000000000000e+09 -9.753295624999999802e+00
5.482560000000000000e+09 -9.730628805000000270e+00
5.482640000000000000e+09 -9.710233742999999862e+00
5.482720000000000000e+09 -9.691885468000000614e+00
5.482800000000000000e+09 -9.672814352999999699e+00
5.482880000000000000e+09 -9.654410101999999938e+00
5.482960000000000000e+09 -9.638125234000000319e+00
5.483040000000000000e+09 -9.622611361000000585e+00
5.483120000000000000e+09 -9.606554635000000175e+00
5.483200000000000000e+09 -9.592311436999999330e+00
5.483280000000000000e+09 -9.576859896000000205e+00
5.483360000000000000e+09 -9.561270509999999945e+00
5.483440000000000000e+09 -9.549352557000000630e+00
5.483520000000000000e+09 -9.537650709999999421e+00
5.483600000000000000e+09 -9.526949765999999542e+00
5.483680000000000000e+09 -9.515025470999999513e+00
5.483760000000000000e+09 -9.504183389999999676e+00
5.483840000000000000e+09 -9.493998944999999523e+00
5.483920000000000000e+09 -9.483397546999999150e+00
5.484000000000000000e+09 -9.473260481000000510e+00
5.484080000000000000e+09 -9.465160286999999784e+00
5.484160000000000000e+09 -9.455973683999999935e+00
5.484240000000000000e+09 -9.446844437999999400e+00
5.484320000000000000e+09 -9.440998875000000012e+00
5.484400000000000000e+09 -9.431327661999999279e+00
5.484480000000000000e+09 -9.425819050999999504e+00
5.484560000000000000e+09 -9.417821434000000380e+00
5.484640000000000000e+09 -9.409901665999999665e+00
5.484720000000000000e+09 -9.404737181999999862e+00
5.484800000000000000e+09 -9.397913969999999395e+00
5.484880000000000000e+09 -9.393117955999999324e+00
5.484960000000000000e+09 -9.385133725999999399e+00
5.485040000000000000e+09 -9.380584217999999197e+00
5.485120000000000000e+09 -9.376043661000000640e+00
5.485200000000000000e+09 -9.369660014999999120e+00
5.485280000000000000e+09 -9.365620270999999164e+00
5.485360000000000000e+09 -9.360871526000000387e+00
5.485440000000000000e+09 -9.357370713999999978e+00
5.485520000000000000e+09 -9.354049627000000200e+00
5.485600000000000000e+09 -9.349745317000000000e+00
5.485680000000000000e+09 -9.344919511000000512e+00
5.485760000000000000e+09 -9.340258710000000519e+00
5.485840000000000000e+09 -9.337656708000000805e+00
5.485920000000000000e+09 -9.334316316000000668e+00
5.486000000000000000e+09 -9.332766220999999973e+00
5.486080000000000000e+09 -9.329053363999999959e+00
5.486160000000000000e+09 -9.325772320000000448e+00
5.486240000000000000e+09 -9.322886431000000584e+00
5.486320000000000000e+09 -9.319591360000000435e+00
5.486400000000000000e+09 -9.317143732999999983e+00
5.486480000000000000e+09 -9.314162331000000350e+00
5.486560000000000000e+09 -9.312219681000000193e+00
5.486640000000000000e+09 -9.312548883999999916e+00
5.486720000000000000e+09 -9.308672880999999677e+00
5.486800000000000000e+09 -9.307570772000000048e+00
5.486880000000000000e+09 -9.305204546000000576e+00
5.486960000000000000e+09 -9.303176257000000504e+00
5.487040000000000000e+09 -9.300246302999999770e+00
5.487120000000000000e+09 -9.298949611999999476e+00
5.487200000000000000e+09 -9.295951522999999384e+00
5.487280000000000000e+09 -9.294383482000000640e+00
5.487360000000000000e+09 -9.292667298999999659e+00
5.487440000000000000e+09 -9.290840707999999282e+00
5.487520000000000000e+09 -9.291218559000000710e+00
5.487600000000000000e+09 -9.288654470999999191e+00
5.487680000000000000e+09 -9.289463153999999889e+00
5.487760000000000000e+09 -9.286571248999999639e+00
5.487840000000000000e+09 -9.286280900999999588e+00
5.487920000000000000e+09 -9.286158808999999792e+00
5.488000000000000000e+09 -9.284225985999999153e+00
5.488080000000000000e+09 -9.282456595999999394e+00
5.488160000000000000e+09 -9.280392509000000345e+00
5.488240000000000000e+09 -9.279578745000000239e+00
5.488320000000000000e+09 -9.280463582999999517e+00
5.488400000000000000e+09 -9.280314318000000284e+00
5.488480000000000000e+09 -9.278763241000000050e+00
5.488560000000000000e+09 -9.277955972000000884e+00
5.488640000000000000e+09 -9.276096664000000658e+00
5.488720000000000000e+09 -9.276859032999999144e+00
5.488800000000000000e+09 -9.275881908000000564e+00
5.488880000000000000e+09 -9.274972390000000289e+00
5.488960000000000000e+09 -9.274567593000000443e+00
5.489040000000000000e+09 -9.274339056000000525e+00
5.489120000000000000e+09 -9.272906057000000146e+00
5.489200000000000000e+09 -9.273419083000000285e+00
5.489280000000000000e+09 -9.271848679999999732e+00
5.489360000000000000e+09 -9.272479974999999541e+00
5.489440000000000000e+09 -9.271082890000000631e+00
5.489520000000000000e+09 -9.272496307000000826e+00
5.489600000000000000e+09 -9.271922630000000609e+00
5.489680000000000000e+09 -9.271321227999999692e+00
5.489760000000000000e+09 -9.270035959999999520e+00
5.489840000000000000e+09 -9.269437126999999776e+00
5.489920000000000000e+09 -9.272330624000000299e+00
5.490000000000000000e+09 -9.269312796999999549e+00
5.490080000000000000e+09 -9.270656431000000808e+00
5.490160000000000000e+09 -9.269440466000000711e+00
5.490240000000000000e+09 -9.269542288000000241e+00
5.490320000000000000e+09 -9.269886877999999442e+00
5.490400000000000000e+09 -9.270502710000000590e+00
5.490480000000000000e+09 -9.269565172000000075e+00
5.490560000000000000e+09 -9.270202406999999312e+00
5.490640000000000000e+09 -9.271531203000000332e+00
5.490720000000000000e+09 -9.269178768999999818e+00
5.490800000000000000e+09 -9.270382360999999349e+00
5.490880000000000000e+09 -9.269849425000000309e+00
5.490960000000000000e+09 -9.270568761999999907e+00
5.491040000000000000e+09 -9.271055709000000533e+00
5.491120000000000000e+09 -9.270437950999999899e+00
5.491200000000000000e+09 -9.272118637000000163e+00
5.491280000000000000e+09 -9.270640012999999513e+00
5.491360000000000000e+09 -9.271688694999999925e+00
5.491440000000000000e+09 -9.270289040999999841e+00
5.491520000000000000e+09 -9.270107202000000157e+00
5.491600000000000000e+09 -9.269850017999999636e+00
5.491680000000000000e+09 -9.271135039000000688e+00
5.491760000000000000e+09 -9.271737851999999336e+00
5.491840000000000000e+09 -9.271382020000000779e+00
5.491920000000000000e+09 -9.272528592000000458e+00
5.492000000000000000e+09 -9.272784108999999830e+00
5.492080000000000000e+09 -9.272018217999999479e+00
5.492160000000000000e+09 -9.273448764999999483e+00
5.492240000000000000e+09 -9.274647052000000613e+00
5.492320000000000000e+09 -9.272211099999999817e+00
5.492400000000000000e+09 -9.274040611000000212e+00
5.492480000000000000e+09 -9.274730253999999618e+00
5.492560000000000000e+09 -9.276563671999999983e+00
5.492640000000000000e+09 -9.277924904000000694e+00
5.492720000000000000e+09 -9.276878036999999466e+00
5.492800000000000000e+09 -9.278233111000000477e+00
5.492880000000000000e+09 -9.277083147000000807e+00
5.492960000000000000e+09 -9.278371470999999815e+00
5.493040000000000000e+09 -9.281164134999999149e+00
5.493120000000000000e+09 -9.278585796999999857e+00
5.493200000000000000e+09 -9.278622270999999699e+00
5.493280000000000000e+09 -9.281500647999999742e+00
5.493360000000000000e+09 -9.283605671000000115e+00
5.493440000000000000e+09 -9.283090931000000268e+00
5.493520000000000000e+09 -9.282011386000000641e+00
5.493600000000000000e+09 -9.281448475999999559e+00
5.493680000000000000e+09 -9.284506751000000335e+00
5.493760000000000000e+09 -9.284145664000000409e+00
5.493840000000000000e+09 -9.282526940000000337e+00
5.493920000000000000e+09 -9.285016054999999824e+00
5.494000000000000000e+09 -9.285010133000000110e+00
5.494080000000000000e+09 -9.284856496999999820e+00
5.494160000000000000e+09 -9.286757310000000487e+00
5.494240000000000000e+09 -9.288039640999999236e+00
5.494320000000000000e+09 -9.286119459000000020e+00
5.494400000000000000e+09 -9.288150446999999588e+00
5.494480000000000000e+09 -9.288626038000000307e+00
5.494560000000000000e+09 -9.289946841000000788e+00
5.494640000000000000e+09 -9.289576071999999130e+00
5.494720000000000000e+09 -9.290966336000000325e+00
5.494800000000000000e+09 -9.291301007999999584e+00
5.494880000000000000e+09 -9.291458477000000826e+00
5.494960000000000000e+09 -9.291286890000000298e+00
5.495040000000000000e+09 -9.294411845999999144e+00
5.495120000000000000e+09 -9.294334687999999289e+00
5.495200000000000000e+09 -9.294681615000000008e+00
5.495280000000000000e+09 -9.296060655999999867e+00
5.495360000000000000e+09 -9.296434546000000410e+00
5.495440000000000000e+09 -9.296884953999999368e+00
5.495520000000000000e+09 -9.297724581000000654e+00
5.495600000000000000e+09 -9.298315174000000738e+00
5.495680000000000000e+09 -9.297543638000000499e+00
5.495760000000000000e+09 -9.298541691000000498e+00
5.495840000000000000e+09 -9.300535298999999867e+00
5.495920000000000000e+09 -9.301893628000000191e+00
5.496000000000000000e+09 -9.301856889999999822e+00
5.496080000000000000e+09 -9.302962361000000513e+00
5.496160000000000000e+09 -9.303704092000000259e+00
5.496240000000000000e+09 -9.305175970000000518e+00
5.496320000000000000e+09 -9.304925641000000525e+00
5.496400000000000000e+09 -9.306977253999999533e+00
5.496480000000000000e+09 -9.306166955000000129e+00
5.496560000000000000e+09 -9.307645678000000089e+00
5.496640000000000000e+09 -9.309203219000000473e+00
5.496720000000000000e+09 -9.309662636000000546e+00
5.496800000000000000e+09 -9.311224448999999126e+00
5.496880000000000000e+09 -9.310059856000000522e+00
5.496960000000000000e+09 -9.312256325999999973e+00
5.497040000000000000e+09 -9.313185707000000590e+00
5.497120000000000000e+09 -9.313008674000000653e+00
5.497200000000000000e+09 -9.314956570999999741e+00
5.497280000000000000e+09 -9.316533523000000372e+00
5.497360000000000000e+09 -9.317012933999999191e+00
5.497440000000000000e+09 -9.317031546999999136e+00
5.497520000000000000e+09 -9.318531972000000607e+00
5.497600000000000000e+09 -9.319755802999999617e+00
5.497680000000000000e+09 -9.320854913999999880e+00
5.497760000000000000e+09 -9.322105075999999713e+00
5.497840000000000000e+09 -9.323386807000000331e+00
5.497920000000000000e+09 -9.322361507000000103e+00
5.498000000000000000e+09 -9.323457665999999477e+00
5.498080000000000000e+09 -9.325522271000000529e+00
5.498160000000000000e+09 -9.327021007000000807e+00
5.498240000000000000e+09 -9.326439994999999428e+00
5.498320000000000000e+09 -9.327968050999999150e+00
5.498400000000000000e+09 -9.327862568000000465e+00
5.498480000000000000e+09 -9.329915273999999314e+00
5.498560000000000000e+09 -9.329301155999999651e+00
5.498640000000000000e+09 -9.332060788999999801e+00
5.498720000000000000e+09 -9.333157873999999410e+00
5.498800000000000000e+09 -9.331636193999999662e+00
5.498880000000000000e+09 -9.333718199999999854e+00
5.498960000000000000e+09 -9.335354444000000029e+00
5.499040000000000000e+09 -9.336686374999999316e+00
5.499120000000000000e+09 -9.337990830000000742e+00
5.499200000000000000e+09 -9.339187694999999678e+00
5.499280000000000000e+09 -9.339831483999999406e+00
5.499360000000000000e+09 -9.340393985000000399e+00
5.499440000000000000e+09 -9.340313378999999472e+00
5.499520000000000000e+09 -9.342236495999999946e+00
5.499600000000000000e+09 -9.343280004000000361e+00
5.499680000000000000e+09 -9.345210628000000241e+00
5.499760000000000000e+09 -9.345064472000000677e+00
5.499840000000000000e+09 -9.347290571000000270e+00
5.499920000000000000e+09 -9.347056622000000203e+00
5.500000000000000000e+09 -9.347707997000000546e+00
5.500080000000000000e+09 -9.348499714000000793e+00
5.500160000000000000e+09 -9.350754854999999921e+00
5.500240000000000000e+09 -9.351395015999999671e+00
5.500320000000000000e+09 -9.353293452999999147e+00
5.500400000000000000e+09 -9.352222246000000183e+00
5.500480000000000000e+09 -9.354799780000000453e+00
5.500560000000000000e+09 -9.355392918999999807e+00
5.500640000000000000e+09 -9.355112732000000264e+00
5.500720000000000000e+09 -9.355959421999999748e+00
5.500800000000000000e+09 -9.358098931000000675e+00
5.500880000000000000e+09 -9.360345220999999327e+00
5.500960000000000000e+09 -9.358979435000000180e+00
5.501040000000000000e+09 -9.361190412999999211e+00
5.501120000000000000e+09 -9.361832479000000262e+00
5.501200000000000000e+09 -9.363125096999999286e+00
5.501280000000000000e+09 -9.362354270999999173e+00
5.501360000000000000e+09 -9.364430211000000170e+00
5.501440000000000000e+09 -9.365426099000000448e+00
5.501520000000000000e+09 -9.365990256999999986e+00
5.501600000000000000e+09 -9.368070904999999726e+00
5.501680000000000000e+09 -9.368333017999999512e+00
5.501760000000000000e+09 -9.371001216999999883e+00
5.501840000000000000e+09 -9.372055997000000360e+00
5.501920000000000000e+09 -9.372601157000000072e+00
5.502000000000000000e+09 -9.374044367999999849e+00
5.502080000000000000e+09 -9.374359613999999397e+00
5.502160000000000000e+09 -9.375909420999999355e+00
5.502240000000000000e+09 -9.376683944999999909e+00
5.502320000000000000e+09 -9.377354048999999137e+00
5.502400000000000000e+09 -9.377332329999999772e+00
5.502480000000000000e+09 -9.380931234000000174e+00
5.502560000000000000e+09 -9.381518748999999602e+00
5.502640000000000000e+09 -9.382128942999999666e+00
5.502720000000000000e+09 -9.383336051000000566e+00
5.502800000000000000e+09 -9.384439103000000060e+00
5.502880000000000000e+09 -9.385918659999999747e+00
5.502960000000000000e+09 -9.386360048000000234e+00
5.503040000000000000e+09 -9.389313620999999443e+00
5.503120000000000000e+09 -9.387137191000000769e+00
5.503200000000000000e+09 -9.389976624999999189e+00
5.503280000000000000e+09 -9.391588049999999299e+00
5.503360000000000000e+09 -9.391513136000000372e+00
5.503440000000000000e+09 -9.392107718000000105e+00
5.503520000000000000e+09 -9.392411637000000368e+00
5.503600000000000000e+09 -9.395813824999999397e+00
5.503680000000000000e+09 -9.395723993000000718e+00
5.503760000000000000e+09 -9.396397224999999409e+00
5.503840000000000000e+09 -9.396152190000000459e+00
5.503920000000000000e+09 -9.399311184000000097e+00
5.504000000000000000e+09 -9.398337494999999819e+00
5.504080000000000000e+09 -9.400449241000000455e+00
5.504160000000000000e+09 -9.402807467000000585e+00
5.504240000000000000e+09 -9.405604455000000641e+00
5.504320000000000000e+09 -9.403080309999999997e+00
5.504400000000000000e+09 -9.404747917999999984e+00
5.504480000000000000e+09 -9.405230344999999659e+00
5.504560000000000000e+09 -9.405311023999999520e+00
5.504640000000000000e+09 -9.411224599000000524e+00
5.504720000000000000e+09 -9.407738404999999915e+00
5.504800000000000000e+09 -9.410398687000000706e+00
5.504880000000000000e+09 -9.411723806999999553e+00
5.504960000000000000e+09 -9.412218608999999958e+00
5.505040000000000000e+09 -9.414389234999999800e+00
5.505120000000000000e+09 -9.413431657000000286e+00
5.505200000000000000e+09 -9.415403874000000783e+00
5.505280000000000000e+09 -9.416533408999999466e+00
5.505360000000000000e+09 -9.416118645999999259e+00
5.505440000000000000e+09 -9.416143551999999417e+00
5.505520000000000000e+09 -9.420277737999999346e+00
5.505600000000000000e+09 -9.420060091999999941e+00
5.505680000000000000e+09 -9.422379404000000847e+00
5.505760000000000000e+09 -9.422428576999999805e+00
5.505840000000000000e+09 -9.423839364999999191e+00
5.505920000000000000e+09 -9.425067350000000843e+00
5.506000000000000000e+09 -9.423932120999999995e+00
5.506080000000000000e+09 -9.427706175999999161e+00
5.506160000000000000e+09 -9.429311259000000334e+00
5.506240000000000000e+09 -9.427028912999999122e+00
5.506320000000000000e+09 -9.427831277999999315e+00
5.506400000000000000e+09 -9.429336292000000341e+00
5.506480000000000000e+09 -9.430259548000000436e+00
5.506560000000000000e+09 -9.431252710000000761e+00
5.506640000000000000e+09 -9.432226912999999158e+00
5.506720000000000000e+09 -9.432024841000000492e+00
5.506800000000000000e+09 -9.433152931000000407e+00
5.506880000000000000e+09 -9.434465973000000005e+00
5.506960000000000000e+09 -9.435918738999999889e+00
5.507040000000000000e+09 -9.434983153999999317e+00
5.507120000000000000e+09 -9.437110316000000054e+00
5.507200000000000000e+09 -9.438388211999999555e+00
5.507280000000000000e+09 -9.439338035000000460e+00
5.507360000000000000e+09 -9.439253918000000354e+00
5.507440000000000000e+09 -9.440385837999999197e+00
5.507520000000000000e+09 -9.440598917000000867e+00
5.507600000000000000e+09 -9.444138920000000326e+00
5.507680000000000000e+09 -9.444198225999999252e+00
5.507760000000000000e+09 -9.442095351000000747e+00
5.507840000000000000e+09 -9.445458700999999735e+00
5.507920000000000000e+09 -9.445985565000000861e+00
5.508000000000000000e+09 -9.445772064999999884e+00
5.508080000000000000e+09 -9.446402133999999506e+00
5.508160000000000000e+09 -9.448917503000000551e+00
5.508240000000000000e+09 -9.448541863000000873e+00
5.508320000000000000e+09 -9.449814844000000491e+00
5.508400000000000000e+09 -9.449273790999999534e+00
5.508480000000000000e+09 -9.451173741999999933e+00
5.508560000000000000e+09 -9.450248943000000068e+00
5.508640000000000000e+09 -9.451590094000000164e+00
5.508720000000000000e+09 -9.452713059000000584e+00
5.508800000000000000e+09 -9.453039741999999634e+00
5.508880000000000000e+09 -9.454477803999999708e+00
5.508960000000000000e+09 -9.455445660000000530e+00
5.509040000000000000e+09 -9.454604876999999519e+00
5.509120000000000000e+09 -9.457216311999999903e+00
5.509200000000000000e+09 -9.456792258000000118e+00
5.509280000000000000e+09 -9.458569930999999542e+00
5.509360000000000000e+09 -9.457813405999999645e+00
5.509440000000000000e+09 -9.458012056999999473e+00
5.509520000000000000e+09 -9.459208758999999134e+00
5.509600000000000000e+09 -9.460851048000000318e+00
5.509680000000000000e+09 -9.460159854000000479e+00
5.509760000000000000e+09 -9.459465351000000410e+00
5.509840000000000000e+09 -9.463349028999999746e+00
5.509920000000000000e+09 -9.463253594999999407e+00
5.510000000000000000e+09 -9.463794988000000075e+00
5.510080000000000000e+09 -9.463070108000000147e+00
5.510160000000000000e+09 -9.461864176000000626e+00
5.510240000000000000e+09 -9.462437123000000838e+00
5.510320000000000000e+09 -9.465377805999999339e+00
5.510400000000000000e+09 -9.464164080999999840e+00
5.510480000000000000e+09 -9.464813964999999385e+00
5.510560000000000000e+09 -9.465773009999999488e+00
5.510640000000000000e+09 -9.468265153000000822e+00
5.510720000000000000e+09 -9.465625418000000124e+00
5.510800000000000000e+09 -9.468347208999999154e+00
5.510880000000000000e+09 -9.469362952999999195e+00
5.510960000000000000e+09 -9.467551697999999405e+00
5.511040000000000000e+09 -9.468586593999999579e+00
5.511120000000000000e+09 -9.470074856000000096e+00
5.511200000000000000e+09 -9.470385505999999509e+00
5.511280000000000000e+09 -9.471314982000000882e+00
5.511360000000000000e+09 -9.471284491000000472e+00
5.511440000000000000e+09 -9.472762185000000557e+00
5.511520000000000000e+09 -9.473506692000000839e+00
5.511600000000000000e+09 -9.474794216999999463e+00
5.511680000000000000e+09 -9.472740660999999562e+00
5.511760000000000000e+09 -9.473529585999999725e+00
5.511840000000000000e+09 -9.474448290999999855e+00
5.511920000000000000e+09 -9.474786012999999230e+00
5.512000000000000000e+09 -9.474149877000000330e+00
5.512080000000000000e+09 -9.475923475000000096e+00
5.512160000000000000e+09 -9.474158862999999542e+00
5.512240000000000000e+09 -9.475555431000000084e+00
5.512320000000000000e+09 -9.475772462000000118e+00
5.512400000000000000e+09 -9.475750155000000063e+00
5.512480000000000000e+09 -9.475850753999999654e+00
5.512560000000000000e+09 -9.475918689000000228e+00
5.512640000000000000e+09 -9.474926195000000106e+00
5.512720000000000000e+09 -9.474099809000000150e+00
5.512800000000000000e+09 -9.476270453999999788e+00
5.512880000000000000e+09 -9.478574462999999284e+00
5.512960000000000000e+09 -9.477542096000000527e+00
5.513040000000000000e+09 -9.478124762000000203e+00
5.513120000000000000e+09 -9.477066374999999709e+00
5.513200000000000000e+09 -9.476835592000000474e+00
5.513280000000000000e+09 -9.477878060000000104e+00
5.513360000000000000e+09 -9.477115912000000364e+00
5.513440000000000000e+09 -9.480453338000000230e+00
5.513520000000000000e+09 -9.477092047999999380e+00
5.513600000000000000e+09 -9.478913564000000846e+00
5.513680000000000000e+09 -9.478684574000000751e+00
5.513760000000000000e+09 -9.479451927999999583e+00
5.513840000000000000e+09 -9.478824921999999376e+00
5.513920000000000000e+09 -9.477796711999999957e+00
5.514000000000000000e+09 -9.478509747000000374e+00
5.514080000000000000e+09 -9.479712744000000413e+00
5.514160000000000000e+09 -9.480629375999999553e+00
5.514240000000000000e+09 -9.478502389999999167e+00
5.514320000000000000e+09 -9.478641666999999771e+00
5.514400000000000000e+09 -9.478997526000000562e+00
5.514480000000000000e+09 -9.480956283999999457e+00
5.514560000000000000e+09 -9.480625211999999635e+00
5.514640000000000000e+09 -9.478381534000000386e+00
5.514720000000000000e+09 -9.478955205000000106e+00
5.514800000000000000e+09 -9.478903551000000149e+00
5.514880000000000000e+09 -9.479606423999999976e+00
5.514960000000000000e+09 -9.479478813000000059e+00
5.515040000000000000e+09 -9.478551922999999491e+00
5.515120000000000000e+09 -9.477964098999999365e+00
5.515200000000000000e+09 -9.479155470000000250e+00
5.515280000000000000e+09 -9.478015193999999255e+00
5.515360000000000000e+09 -9.478666861000000665e+00
5.515440000000000000e+09 -9.475840167999999508e+00
5.515520000000000000e+09 -9.478808773000000798e+00
5.515600000000000000e+09 -9.478694530000000285e+00
5.515680000000000000e+09 -9.476993606000000625e+00
5.515760000000000000e+09 -9.477168573000000151e+00
5.515840000000000000e+09 -9.476795272000000381e+00
5.515920000000000000e+09 -9.477891082999999384e+00
5.516000000000000000e+09 -9.478137360999999927e+00
5.516080000000000000e+09 -9.478737051999999608e+00
5.516160000000000000e+09 -9.477443881999999320e+00
5.516240000000000000e+09 -9.476213803000000269e+00
5.516320000000000000e+09 -9.477676646999999122e+00
5.516400000000000000e+09 -9.478365994000000683e+00
5.516480000000000000e+09 -9.477110034000000738e+00
5.516560000000000000e+09 -9.477719522999999313e+00
5.516640000000000000e+09 -9.476489345999999259e+00
5.516720000000000000e+09 -9.475400132000000752e+00
5.516800000000000000e+09 -9.476515029999999840e+00
5.516880000000000000e+09 -9.473078060000000633e+00
5.516960000000000000e+09 -9.474541373999999294e+00
5.517040000000000000e+09 -9.475709438000000873e+00
5.517120000000000000e+09 -9.473882364999999695e+00
5.517200000000000000e+09 -9.474807380999999751e+00
5.517280000000000000e+09 -9.474143952000000368e+00
5.517360000000000000e+09 -9.474959394000000756e+00
5.517440000000000000e+09 -9.472552224999999382e+00
5.517520000000000000e+09 -9.474451090000000519e+00
5.517600000000000000e+09 -9.471283726999999431e+00
5.517680000000000000e+09 -9.472362400999999821e+00
5.517760000000000000e+09 -9.471600807999999816e+00
5.517840000000000000e+09 -9.471496868999999208e+00
5.517920000000000000e+09 -9.470786029999999300e+00
5.518000000000000000e+09 -9.470956216999999455e+00
5.518080000000000000e+09 -9.470430664000000220e+00
5.518160000000000000e+09 -9.470352517000000248e+00
5.518240000000000000e+09 -9.469097431999999870e+00
5.518320000000000000e+09 -9.470804084999999262e+00
5.518400000000000000e+09 -9.469015262999999294e+00
5.518480000000000000e+09 -9.467241705999999368e+00
5.518560000000000000e+09 -9.466398952000000477e+00
5.518640000000000000e+09 -9.468445439999999991e+00
5.518720000000000000e+09 -9.467357077999999149e+00
5.518800000000000000e+09 -9.466221523999999832e+00
5.518880000000000000e+09 -9.462515415000000374e+00
5.518960000000000000e+09 -9.464593923000000686e+00
5.519040000000000000e+09 -9.464944113999999686e+00
5.519120000000000000e+09 -9.463299388999999451e+00
5.519200000000000000e+09 -9.464018016000000699e+00
5.519280000000000000e+09 -9.461715014999999340e+00
5.519360000000000000e+09 -9.462548254999999742e+00
5.519440000000000000e+09 -9.461659598000000670e+00
5.519520000000000000e+09 -9.463232302999999845e+00
5.519600000000000000e+09 -9.462293672999999572e+00
5.519680000000000000e+09 -9.460667816000000840e+00
5.519760000000000000e+09 -9.462573424000000344e+00
5.519840000000000000e+09 -9.461162534999999707e+00
5.519920000000000000e+09 -9.460801200000000577e+00
5.520000000000000000e+09 -9.459158549999999721e+00
