5.440000000000000000e+09 -9.118503879000000367e+00
5.440080000000000000e+09 -9.121493394999999893e+00
5.440160000000000000e+09 -9.124397975000000827e+00
5.440240000000000000e+09 -9.127553100000000086e+00
5.440320000000000000e+09 -9.130239234999999454e+00
5.440400000000000000e+09 -9.127456204999999656e+00
5.440480000000000000e+09 -9.130770411000000308e+00
5.440560000000000000e+09 -9.131278795000000059e+00
5.440640000000000000e+09 -9.130728336000000667e+00
5.440720000000000000e+09 -9.132701635000000095e+00
5.440800000000000000e+09 -9.130757907999999645e+00
5.440880000000000000e+09 -9.135309960000000729e+00
5.440960000000000000e+09 -9.131153803000000124e+00
5.441040000000000000e+09 -9.132847030000000643e+00
5.441120000000000000e+09 -9.135343595000000150e+00
5.441200000000000000e+09 -9.136253779000000463e+00
5.441280000000000000e+09 -9.135088983999999357e+00
5.441360000000000000e+09 -9.133216195999999343e+00
5.441440000000000000e+09 -9.135191843999999506e+00
5.441520000000000000e+09 -9.136112580000000705e+00
5.441600000000000000e+09 -9.135738934000000810e+00
5.441680000000000000e+09 -9.138356271999999336e+00
5.441760000000000000e+09 -9.138415869999999330e+00
5.441840000000000000e+09 -9.137934003999999888e+00
5.441920000000000000e+09 -9.138344215000000048e+00
5.442000000000000000e+09 -9.134765184000000815e+00
5.442080000000000000e+09 -9.137098529999999386e+00
5.442160000000000000e+09 -9.138290770999999424e+00
5.442240000000000000e+09 -9.141560126999999980e+00
5.442320000000000000e+09 -9.138186322999999334e+00
5.442400000000000000e+09 -9.136390092999999268e+00
5.442480000000000000e+09 -9.139298027000000602e+00
5.442560000000000000e+09 -9.138196204999999850e+00
5.442640000000000000e+09 -9.138911859000000248e+00
5.442720000000000000e+09 -9.140529670999999468e+00
5.442800000000000000e+09 -9.142561596000000179e+00
5.442880000000000000e+09 -9.140466142999999377e+00
5.442960000000000000e+09 -9.140169922000000113e+00
5.443040000000000000e+09 -9.141344073999999154e+00
5.443120000000000000e+09 -9.140195967000000365e+00
5.443200000000000000e+09 -9.145605026000000137e+00
5.443280000000000000e+09 -9.141356136000000632e+00
5.443360000000000000e+09 -9.142733137000000454e+00
5.443440000000000000e+09 -9.153353858999999204e+00
5.443520000000000000e+09 -9.143432073999999687e+00
5.443600000000000000e+09 -9.143668362999999744e+00
5.443680000000000000e+09 -9.144088889000000719e+00
5.443760000000000000e+09 -9.143660967000000639e+00
5.443840000000000000e+09 -9.148315630999999115e+00
5.443920000000000000e+09 -9.147473056000000824e+00
5.444000000000000000e+09 -9.147230751000000382e+00
5.444080000000000000e+09 -9.145717581999999624e+00
5.444160000000000000e+09 -9.148726742999999217e+00
5.444240000000000000e+09 -9.150156831000000324e+00
5.444320000000000000e+09 -9.150758243000000292e+00
5.444400000000000000e+09 -9.149619649999999993e+00
5.444480000000000000e+09 -9.149945379000000045e+00
5.444560000000000000e+09 -9.147801124000000783e+00
5.444640000000000000e+09 -9.150004575000000528e+00
5.444720000000000000e+09 -9.153897942000000398e+00
5.444800000000000000e+09 -9.153576211000000740e+00
5.444880000000000000e+09 -9.154594204000000346e+00
5.444960000000000000e+09 -9.152368623999999286e+00
5.445040000000000000e+09 -9.153222553999999178e+00
5.445120000000000000e+09 -9.154047735000000685e+00
5.445200000000000000e+09 -9.157082230000000322e+00
5.445280000000000000e+09 -9.154789535000000811e+00
5.445360000000000000e+09 -9.156819946000000598e+00
5.445440000000000000e+09 -9.160271586000000354e+00
5.445520000000000000e+09 -9.159142565999999874e+00
5.445600000000000000e+09 -9.157688093000000862e+00
5.445680000000000000e+09 -9.160956193000000525e+00
5.445760000000000000e+09 -9.161644901000000729e+00
5.445840000000000000e+09 -9.161977084000000104e+00
5.445920000000000000e+09 -9.162702548000000391e+00
5.446000000000000000e+09 -9.162810041000000183e+00
5.446080000000000000e+09 -9.164639037000000599e+00
5.446160000000000000e+09 -9.163108073000000076e+00
5.446240000000000000e+09 -9.163683995999999610e+00
5.446320000000000000e+09 -9.164589880999999494e+00
5.446400000000000000e+09 -9.166099394999999816e+00
5.446480000000000000e+09 -9.169216157999999339e+00
5.446560000000000000e+09 -9.166131367000000196e+00
5.446640000000000000e+09 -9.165281482999999341e+00
5.446720000000000000e+09 -9.167712565000000424e+00
5.446800000000000000e+09 -9.172592907000000295e+00
5.446880000000000000e+09 -9.169391641000000703e+00
5.446960000000000000e+09 -9.171623771000000147e+00
5.447040000000000000e+09 -9.172673056000000713e+00
5.447120000000000000e+09 -9.176321555999999546e+00
5.447200000000000000e+09 -9.174661850999999757e+00
5.447280000000000000e+09 -9.176241389999999498e+00
5.447360000000000000e+09 -9.176551418000000737e+00
5.447440000000000000e+09 -9.177444356000000525e+00
5.447520000000000000e+09 -9.174454712999999373e+00
5.447600000000000000e+09 -9.180159626000000017e+00
5.447680000000000000e+09 -9.179656917000000860e+00
5.447760000000000000e+09 -9.183313012999999358e+00
5.447840000000000000e+09 -9.180687515000000687e+00
5.447920000000000000e+09 -9.182915425999999215e+00
5.448000000000000000e+09 -9.188608221000000853e+00
5.448080000000000000e+09 -9.184433454000000552e+00
5.448160000000000000e+09 -9.187126852000000454e+00
5.448240000000000000e+09 -9.188110490999999769e+00
5.448320000000000000e+09 -9.187833155999999946e+00
5.448400000000000000e+09 -9.188053392000000485e+00
5.448480000000000000e+09 -9.187539467000000570e+00
5.448560000000000000e+09 -9.192199011999999669e+00
5.448640000000000000e+09 -9.191058224000000720e+00
5.448720000000000000e+09 -9.196374736999999300e+00
5.448800000000000000e+09 -9.194081452000000709e+00
5.448880000000000000e+09 -9.198100953000000857e+00
5.448960000000000000e+09 -9.196551313000000505e+00
5.449040000000000000e+09 -9.200430057000000161e+00
5.449120000000000000e+09 -9.200247213000000812e+00
5.449200000000000000e+09 -9.202342196000000030e+00
5.449280000000000000e+09 -9.205468780000000351e+00
5.449360000000000000e+09 -9.205443689000000873e+00
5.449440000000000000e+09 -9.204297564000000875e+00
5.449520000000000000e+09 -9.205983063999999771e+00
5.449600000000000000e+09 -9.207824502999999439e+00
5.449680000000000000e+09 -9.207070510999999513e+00
5.449760000000000000e+09 -9.210411145000000133e+00
5.449840000000000000e+09 -9.209760973999999933e+00
5.449920000000000000e+09 -9.213764142000000490e+00
5.450000000000000000e+09 -9.212555895999999578e+00
5.450080000000000000e+09 -9.215727238999999571e+00
5.450160000000000000e+09 -9.215577724999999276e+00
5.450240000000000000e+09 -9.215165435999999488e+00
5.450320000000000000e+09 -9.216601490000000396e+00
5.450400000000000000e+09 -9.220144783000000288e+00
5.450480000000000000e+09 -9.220026706000000516e+00
5.450560000000000000e+09 -9.216221208000000331e+00
5.450640000000000000e+09 -9.223387259000000782e+00
5.450720000000000000e+09 -9.223325900000000743e+00
5.450800000000000000e+09 -9.227178602000000396e+00
5.450880000000000000e+09 -9.228693417000000565e+00
5.450960000000000000e+09 -9.225647026000000750e+00
5.451040000000000000e+09 -9.230328009000000833e+00
5.451120000000000000e+09 -9.226618266999999207e+00
5.451200000000000000e+09 -9.231370756000000455e+00
5.451280000000000000e+09 -9.232286682999999883e+00
5.451360000000000000e+09 -9.237425859000000017e+00
5.451440000000000000e+09 -9.237443317000000320e+00
5.451520000000000000e+09 -9.239246091000000050e+00
5.451600000000000000e+09 -9.235454713999999399e+00
5.451680000000000000e+09 -9.241448222000000712e+00
5.451760000000000000e+09 -9.240027880999999610e+00
5.451840000000000000e+09 -9.241348371999999145e+00
5.451920000000000000e+09 -9.243844394999999992e+00
5.452000000000000000e+09 -9.241998029999999531e+00
5.452080000000000000e+09 -9.242015205999999594e+00
5.452160000000000000e+09 -9.248153801000000840e+00
5.452240000000000000e+09 -9.247079523000000023e+00
5.452320000000000000e+09 -9.248652012000000866e+00
5.452400000000000000e+09 -9.253395231000000720e+00
5.452480000000000000e+09 -9.252373695999999370e+00
5.452560000000000000e+09 -9.253824803000000543e+00
5.452640000000000000e+09 -9.255687783999999141e+00
5.452720000000000000e+09 -9.255910440999999267e+00
5.452800000000000000e+09 -9.262334103000000596e+00
5.452880000000000000e+09 -9.258309685000000400e+00
5.452960000000000000e+09 -9.263470282000000111e+00
5.453040000000000000e+09 -9.264753749000000482e+00
5.453120000000000000e+09 -9.262001429999999758e+00
5.453200000000000000e+09 -9.262136941999999706e+00
5.453280000000000000e+09 -9.263014225999999240e+00
5.453360000000000000e+09 -9.267018894999999645e+00
5.453440000000000000e+09 -9.270548391000000166e+00
5.453520000000000000e+09 -9.268768724999999264e+00
5.453600000000000000e+09 -9.271409717999999245e+00
5.453680000000000000e+09 -9.274436331000000422e+00
5.453760000000000000e+09 -9.273513889000000177e+00
5.453840000000000000e+09 -9.275277883999999418e+00
5.453920000000000000e+09 -9.278600322999999150e+00
5.454000000000000000e+09 -9.281695158999999862e+00
5.454080000000000000e+09 -9.280272251999999611e+00
5.454160000000000000e+09 -9.287484429999999236e+00
5.454240000000000000e+09 -9.283553500000000014e+00
5.454320000000000000e+09 -9.287923645999999422e+00
5.454400000000000000e+09 -9.284812569999999710e+00
5.454480000000000000e+09 -9.290311246999999995e+00
5.454560000000000000e+09 -9.288632416000000447e+00
5.454640000000000000e+09 -9.295402191999999175e+00
5.454720000000000000e+09 -9.291298783000000228e+00
5.454800000000000000e+09 -9.294081556000000077e+00
5.454880000000000000e+09 -9.294652311000000111e+00
5.454960000000000000e+09 -9.299660602999999526e+00
5.455040000000000000e+09 -9.304371470999999616e+00
5.455120000000000000e+09 -9.298604616000000433e+00
5.455200000000000000e+09 -9.301428647999999910e+00
5.455280000000000000e+09 -9.304030524999999940e+00
5.455360000000000000e+09 -9.306144729999999754e+00
5.455440000000000000e+09 -9.309076733999999576e+00
5.455520000000000000e+09 -9.307423088000000178e+00
5.455600000000000000e+09 -9.314620791999999483e+00
5.455680000000000000e+09 -9.312662592000000572e+00
5.455760000000000000e+09 -9.316875892000000547e+00
5.455840000000000000e+09 -9.312308655000000712e+00
5.455920000000000000e+09 -9.315972262000000725e+00
5.456000000000000000e+09 -9.317606885000000005e+00
5.456080000000000000e+09 -9.320988114000000380e+00
5.456160000000000000e+09 -9.323277689999999396e+00
5.456240000000000000e+09 -9.326266246999999510e+00
5.456320000000000000e+09 -9.325350515000000229e+00
5.456400000000000000e+09 -9.329329608000000107e+00
5.456480000000000000e+09 -9.332121651999999656e+00
5.456560000000000000e+09 -9.334588552999999678e+00
5.456640000000000000e+09 -9.335832030000000614e+00
5.456720000000000000e+09 -9.334563526000000167e+00
5.456800000000000000e+09 -9.339447310000000613e+00
5.456880000000000000e+09 -9.334902603999999826e+00
5.456960000000000000e+09 -9.337239780999999184e+00
5.457040000000000000e+09 -9.340400596000000277e+00
5.457120000000000000e+09 -9.343747452000000564e+00
5.457200000000000000e+09 -9.345242756999999401e+00
5.457280000000000000e+09 -9.349026187999999848e+00
5.457360000000000000e+09 -9.347963185999999425e+00
5.457440000000000000e+09 -9.351024701000000050e+00
5.457520000000000000e+09 -9.353316838999999661e+00
5.457600000000000000e+09 -9.354137762000000578e+00
5.457680000000000000e+09 -9.355526538999999531e+00
5.457760000000000000e+09 -9.356319253000000558e+00
5.457840000000000000e+09 -9.358931851999999552e+00
5.457920000000000000e+09 -9.361677851999999689e+00
5.458000000000000000e+09 -9.364449034999999810e+00
5.458080000000000000e+09 -9.366401019999999633e+00
5.458160000000000000e+09 -9.371503816000000597e+00
5.458240000000000000e+09 -9.370941133000000534e+00
5.458320000000000000e+09 -9.370001354999999421e+00
5.458400000000000000e+09 -9.373318177999999889e+00
5.458480000000000000e+09 -9.374711814999999504e+00
5.458560000000000000e+09 -9.380539835000000437e+00
5.458640000000000000e+09 -9.381886670000000095e+00
5.458720000000000000e+09 -9.381284897000000456e+00
5.458800000000000000e+09 -9.384373456000000502e+00
5.458880000000000000e+09 -9.389331066000000448e+00
5.458960000000000000e+09 -9.388049416999999508e+00
5.459040000000000000e+09 -9.391544039999999427e+00
5.459120000000000000e+09 -9.395962764000000078e+00
5.459200000000000000e+09 -9.396411088000000689e+00
5.459280000000000000e+09 -9.397934878999999242e+00
5.459360000000000000e+09 -9.400078567999999635e+00
5.459440000000000000e+09 -9.404482623999999902e+00
5.459520000000000000e+09 -9.408924571000000014e+00
5.459600000000000000e+09 -9.406865562000000125e+00
5.459680000000000000e+09 -9.411045289000000480e+00
5.459760000000000000e+09 -9.409190846999999636e+00
5.459840000000000000e+09 -9.412589331999999587e+00
5.459920000000000000e+09 -9.416200355000000854e+00
5.460000000000000000e+09 -9.416386361000000704e+00
5.460080000000000000e+09 -9.420605880000000099e+00
5.460160000000000000e+09 -9.420348356999999950e+00
5.460240000000000000e+09 -9.423965318000000480e+00
5.460320000000000000e+09 -9.426160517999999655e+00
5.460400000000000000e+09 -9.427650848000000749e+00
5.460480000000000000e+09 -9.428946364999999830e+00
5.460560000000000000e+09 -9.432917206000000832e+00
5.460640000000000000e+09 -9.437894954000000780e+00
5.460720000000000000e+09 -9.437245032999999950e+00
5.460800000000000000e+09 -9.443274986000000482e+00
5.460880000000000000e+09 -9.439914286000000487e+00
5.460960000000000000e+09 -9.445102734000000666e+00
5.461040000000000000e+09 -9.444791744999999850e+00
5.461120000000000000e+09 -9.448273217000000557e+00
5.461200000000000000e+09 -9.446431448000000231e+00
5.461280000000000000e+09 -9.453563706000000622e+00
5.461360000000000000e+09 -9.457880819999999744e+00
5.461440000000000000e+09 -9.460534651999999767e+00
5.461520000000000000e+09 -9.460376295999999741e+00
5.461600000000000000e+09 -9.464184399000000525e+00
5.461680000000000000e+09 -9.467939692999999934e+00
5.461760000000000000e+09 -9.471657478999999213e+00
5.461840000000000000e+09 -9.471160375000000187e+00
5.461920000000000000e+09 -9.473562791000000871e+00
5.462000000000000000e+09 -9.477720278999999692e+00
5.462080000000000000e+09 -9.478234465999999969e+00
5.462160000000000000e+09 -9.485079351999999631e+00
5.462240000000000000e+09 -9.483025595999999169e+00
5.462320000000000000e+09 -9.488351433000000057e+00
5.462400000000000000e+09 -9.487108178999999808e+00
5.462480000000000000e+09 -9.492011267000000529e+00
5.462560000000000000e+09 -9.497388948999999414e+00
5.462640000000000000e+09 -9.499209143999999938e+00
5.462720000000000000e+09 -9.506580123999999188e+00
5.462800000000000000e+09 -9.503661841999999638e+00
5.462880000000000000e+09 -9.503919056000000865e+00
5.462960000000000000e+09 -9.511940797999999475e+00
5.463040000000000000e+09 -9.513054304000000627e+00
5.463120000000000000e+09 -9.517941329999999311e+00
5.463200000000000000e+09 -9.518574699000000194e+00
5.463280000000000000e+09 -9.522652130999999187e+00
5.463360000000000000e+09 -9.521682964000000027e+00
5.463440000000000000e+09 -9.526396024000000295e+00
5.463520000000000000e+09 -9.530392650999999660e+00
5.463600000000000000e+09 -9.536482243000000025e+00
5.463680000000000000e+09 -9.535173712000000634e+00
5.463760000000000000e+09 -9.541743866999999213e+00
5.463840000000000000e+09 -9.545768005999999417e+00
5.463920000000000000e+09 -9.548897778000000613e+00
5.464000000000000000e+09 -9.548430796999999970e+00
5.464080000000000000e+09 -9.553547260000000207e+00
5.464160000000000000e+09 -9.553803320000000099e+00
5.464240000000000000e+09 -9.559150646000000862e+00
5.464320000000000000e+09 -9.562264392999999529e+00
5.464400000000000000e+09 -9.564581594999999936e+00
5.464480000000000000e+09 -9.570380287000000763e+00
5.464560000000000000e+09 -9.575371100999999996e+00
5.464640000000000000e+09 -9.576964323000000334e+00
5.464720000000000000e+09 -9.583438498999999666e+00
5.464800000000000000e+09 -9.582019276000000474e+00
5.464880000000000000e+09 -9.587100188999999162e+00
5.464960000000000000e+09 -9.591536628000000064e+00
5.465040000000000000e+09 -9.591938168000000431e+00
5.465120000000000000e+09 -9.596339368000000647e+00
5.465200000000000000e+09 -9.600459853000000265e+00
5.465280000000000000e+09 -9.601830096000000481e+00
5.465360000000000000e+09 -9.609963381000000027e+00
5.465440000000000000e+09 -9.612811483999999851e+00
5.465520000000000000e+09 -9.616986779999999513e+00
5.465600000000000000e+09 -9.619139962000000210e+00
5.465680000000000000e+09 -9.624832803000000325e+00
5.465760000000000000e+09 -9.628105554999999427e+00
5.465840000000000000e+09 -9.631363606000000743e+00
5.465920000000000000e+09 -9.634758437000000342e+00
5.466000000000000000e+09 -9.640270565999999874e+00
5.466080000000000000e+09 -9.644195963999999677e+00
5.466160000000000000e+09 -9.648221963999999318e+00
5.466240000000000000e+09 -9.652897726999999151e+00
5.466320000000000000e+09 -9.658140107999999557e+00
5.466400000000000000e+09 -9.661302554000000598e+00
5.466480000000000000e+09 -9.668328820999999351e+00
5.466560000000000000e+09 -9.671142377000000678e+00
5.466640000000000000e+09 -9.673898982000000757e+00
5.466720000000000000e+09 -9.678667474999999243e+00
5.466800000000000000e+09 -9.683812070000000105e+00
5.466880000000000000e+09 -9.685904111999999344e+00
5.466960000000000000e+09 -9.690402856000000398e+00
5.467040000000000000e+09 -9.697502186999999552e+00
5.467120000000000000e+09 -9.701421925000000002e+00
5.467200000000000000e+09 -9.709632373999999899e+00
5.467280000000000000e+09 -9.712224843999999635e+00
5.467360000000000000e+09 -9.718521979000000144e+00
5.467440000000000000e+09 -9.724706485000000455e+00
5.467520000000000000e+09 -9.731304380999999282e+00
5.467600000000000000e+09 -9.730714069999999438e+00
5.467680000000000000e+09 -9.737374773999999178e+00
5.467760000000000000e+09 -9.745692844000000576e+00
5.467840000000000000e+09 -9.747274503999999951e+00
5.467920000000000000e+09 -9.760074338000000793e+00
5.468000000000000000e+09 -9.757225725999999710e+00
5.468080000000000000e+09 -9.765202762999999564e+00
5.468160000000000000e+09 -9.771757672999999755e+00
5.468240000000000000e+09 -9.777613507999999953e+00
5.468320000000000000e+09 -9.784829882000000367e+00
5.468400000000000000e+09 -9.790600797999999827e+00
5.468480000000000000e+09 -9.795791122000000684e+00
5.468560000000000000e+09 -9.802424427000000051e+00
5.468640000000000000e+09 -9.811320522999999127e+00
5.468720000000000000e+09 -9.817575207999999165e+00
5.468800000000000000e+09 -9.825964035000000152e+00
5.468880000000000000e+09 -9.831141239000000809e+00
5.468960000000000000e+09 -9.835464683999999735e+00
5.469040000000000000e+09 -9.842725077000000766e+00
5.469120000000000000e+09 -9.851070671000000445e+00
5.469200000000000000e+09 -9.857529303999999826e+00
5.469280000000000000e+09 -9.866053082000000529e+00
5.469360000000000000e+09 -9.873397080000000159e+00
5.469440000000000000e+09 -9.879721896999999586e+00
5.469520000000000000e+09 -9.888663371999999896e+00
5.469600000000000000e+09 -9.893552409999999853e+00
5.469680000000000000e+09 -9.904640923000000541e+00
5.469760000000000000e+09 -9.911447606999999493e+00
5.469840000000000000e+09 -9.919645756999999620e+00
5.469920000000000000e+09 -9.931582781999999554e+00
5.470000000000000000e+09 -9.938613819000000404e+00
5.470080000000000000e+09 -9.942931428999999710e+00
5.470160000000000000e+09 -9.951314006000000489e+00
5.470240000000000000e+09 -9.962562050000000724e+00
5.470320000000000000e+09 -9.971592073000000056e+00
5.470400000000000000e+09 -9.981784050999999991e+00
5.470480000000000000e+09 -9.991395774000000785e+00
5.470560000000000000e+09 -9.996653341000000026e+00
5.470640000000000000e+09 -1.001527723000000059e+01
5.470720000000000000e+09 -1.002493832999999945e+01
5.470800000000000000e+09 -1.003200653000000031e+01
5.470880000000000000e+09 -1.004215250000000026e+01
5.470960000000000000e+09 -1.005529149999999916e+01
5.471040000000000000e+09 -1.006405905999999995e+01
5.471120000000000000e+09 -1.007767785000000060e+01
5.471200000000000000e+09 -1.008714823000000038e+01
5.471280000000000000e+09 -1.010200060000000022e+01
5.471360000000000000e+09 -1.011374569000000001e+01
5.471440000000000000e+09 -1.012472690999999969e+01
5.471520000000000000e+09 -1.014186237000000013e+01
5.471600000000000000e+09 -1.015111886000000041e+01
5.471680000000000000e+09 -1.016313674000000056e+01
5.471760000000000000e+09 -1.017523689000000076e+01
5.471840000000000000e+09 -1.018922283000000029e+01
5.471920000000000000e+09 -1.020835804000000024e+01
5.472000000000000000e+09 -1.022274726000000022e+01
5.472080000000000000e+09 -1.023694670000000073e+01
5.472160000000000000e+09 -1.025268224000000039e+01
5.472240000000000000e+09 -1.027420960999999977e+01
5.472320000000000000e+09 -1.028208446999999914e+01
5.472400000000000000e+09 -1.029866971999999947e+01
5.472480000000000000e+09 -1.031597776000000088e+01
5.472560000000000000e+09 -1.033443585000000020e+01
5.472640000000000000e+09 -1.035136486999999939e+01
5.472720000000000000e+09 -1.037131566000000049e+01
5.472800000000000000e+09 -1.039171132000000064e+01
5.472880000000000000e+09 -1.040866796999999977e+01
5.472960000000000000e+09 -1.042643361999999918e+01
5.473040000000000000e+09 -1.044894597000000047e+01
5.473120000000000000e+09 -1.047059409000000052e+01
5.473200000000000000e+09 -1.048988216999999956e+01
5.473280000000000000e+09 -1.051719328999999981e+01
5.473360000000000000e+09 -1.053550165999999955e+01
5.473440000000000000e+09 -1.056044902000000008e+01
5.473520000000000000e+09 -1.058384870999999983e+01
5.473600000000000000e+09 -1.060670881000000065e+01
5.473680000000000000e+09 -1.063520937000000011e+01
5.473760000000000000e+09 -1.066254054000000018e+01
5.473840000000000000e+09 -1.068812583000000060e+01
5.473920000000000000e+09 -1.071492418999999963e+01
5.474000000000000000e+09 -1.074238852999999949e+01
5.474080000000000000e+09 -1.076772148999999956e+01
5.474160000000000000e+09 -1.079972878000000058e+01
5.474240000000000000e+09 -1.083037093000000084e+01
5.474320000000000000e+09 -1.086307504000000002e+01
5.474400000000000000e+09 -1.089708030000000072e+01
5.474480000000000000e+09 -1.093162144999999974e+01
5.474560000000000000e+09 -1.096316986999999976e+01
5.474640000000000000e+09 -1.100400124999999996e+01
5.474720000000000000e+09 -1.103647583999999959e+01
5.474800000000000000e+09 -1.107673557999999936e+01
5.474880000000000000e+09 -1.110945257999999924e+01
5.474960000000000000e+09 -1.114834450999999937e+01
5.475040000000000000e+09 -1.119050404000000043e+01
5.475120000000000000e+09 -1.123190577999999995e+01
5.475200000000000000e+09 -1.127509359999999994e+01
5.475280000000000000e+09 -1.132101832000000030e+01
5.475360000000000000e+09 -1.136511220999999949e+01
5.475440000000000000e+09 -1.141206144000000045e+01
5.475520000000000000e+09 -1.146173890999999934e+01
5.475600000000000000e+09 -1.150717906999999940e+01
5.475680000000000000e+09 -1.155967601000000045e+01
5.475760000000000000e+09 -1.160785738999999950e+01
5.475840000000000000e+09 -1.165809119999999943e+01
5.475920000000000000e+09 -1.171263807999999962e+01
5.476000000000000000e+09 -1.176071568999999961e+01
5.476080000000000000e+09 -1.181734624999999994e+01
5.476160000000000000e+09 -1.186621783999999913e+01
5.476240000000000000e+09 -1.192473479999999952e+01
5.476320000000000000e+09 -1.197250430999999971e+01
5.476400000000000000e+09 -1.202305261999999964e+01
5.476480000000000000e+09 -1.208049615999999915e+01
5.476560000000000000e+09 -1.213620009000000088e+01
5.476640000000000000e+09 -1.219115846999999953e+01
5.476720000000000000e+09 -1.224975925999999937e+01
5.476800000000000000e+09 -1.229515035000000012e+01
5.476880000000000000e+09 -1.234177792000000018e+01
5.476960000000000000e+09 -1.239027864000000001e+01
5.477040000000000000e+09 -1.243308988000000070e+01
5.477120000000000000e+09 -1.248380468000000043e+01
5.477200000000000000e+09 -1.252097715999999927e+01
5.477280000000000000e+09 -1.255239818000000085e+01
5.477360000000000000e+09 -1.258886125999999983e+01
5.477440000000000000e+09 -1.261491194000000071e+01
5.477520000000000000e+09 -1.263850721000000021e+01
5.477600000000000000e+09 -1.265388287999999939e+01
5.477680000000000000e+09 -1.267159962000000029e+01
5.477760000000000000e+09 -1.267268441000000045e+01
5.477840000000000000e+09 -1.268006096999999954e+01
5.477920000000000000e+09 -1.267210269999999994e+01
5.478000000000000000e+09 -1.265715162999999954e+01
5.478080000000000000e+09 -1.263710398999999995e+01
5.478160000000000000e+09 -1.261705487000000048e+01
5.478240000000000000e+09 -1.258454041000000068e+01
5.478320000000000000e+09 -1.255115342000000034e+01
5.478400000000000000e+09 -1.250958533000000017e+01
5.478480000000000000e+09 -1.246311150000000012e+01
5.478560000000000000e+09 -1.240783766999999926e+01
5.478640000000000000e+09 -1.235199350999999979e+01
5.478720000000000000e+09 -1.229476367000000003e+01
5.478800000000000000e+09 -1.222243470999999992e+01
5.478880000000000000e+09 -1.215980386999999929e+01
5.478960000000000000e+09 -1.208707118999999963e+01
5.479040000000000000e+09 -1.201163754999999966e+01
5.479120000000000000e+09 -1.193441529999999950e+01
5.479200000000000000e+09 -1.185751986000000002e+01
5.479280000000000000e+09 -1.177919718000000060e+01
5.479360000000000000e+09 -1.169591239999999921e+01
5.479440000000000000e+09 -1.162104996999999962e+01
5.479520000000000000e+09 -1.154374286000000005e+01
5.479600000000000000e+09 -1.146286019999999972e+01
5.479680000000000000e+09 -1.138762623999999946e+01
5.479760000000000000e+09 -1.131035490999999915e+01
5.479840000000000000e+09 -1.123276479999999999e+01
5.479920000000000000e+09 -1.116084494000000049e+01
5.480000000000000000e+09 -1.108790079999999989e+01
5.480080000000000000e+09 -1.101322736999999918e+01
5.480160000000000000e+09 -1.094756564999999959e+01
5.480240000000000000e+09 -1.087856387000000069e+01
5.480320000000000000e+09 -1.081690468999999943e+01
5.480400000000000000e+09 -1.074967743000000020e+01
5.480480000000000000e+09 -1.069646213999999951e+01
5.480560000000000000e+09 -1.063306273000000068e+01
5.480640000000000000e+09 -1.057753656999999947e+01
5.480720000000000000e+09 -1.052405768999999935e+01
5.480800000000000000e+09 -1.047034509000000035e+01
5.480880000000000000e+09 -1.041845378000000011e+01
5.480960000000000000e+09 -1.037192165000000088e+01
5.481040000000000000e+09 -1.032048001000000070e+01
5.481120000000000000e+09 -1.027517231999999936e+01
5.481200000000000000e+09 -1.023602525000000085e+01
5.481280000000000000e+09 -1.019228857000000055e+01
5.481360000000000000e+09 -1.015636300000000070e+01
5.481440000000000000e+09 -1.011698123999999943e+01
5.481520000000000000e+09 -1.008317558999999974e+01
5.481600000000000000e+09 -1.004730389000000024e+01
5.481680000000000000e+09 -1.001304906000000017e+01
5.481760000000000000e+09 -9.983961712999999349e+00
5.481840000000000000e+09 -9.950291746999999631e+00
5.481920000000000000e+09 -9.922976093000000830e+00
5.482000000000000000e+09 -9.896551258000000573e+00
5.482080000000000000e+09 -9.869913701999999844e+00
5.482160000000000000e+09 -9.837204880999999901e+00
5.482240000000000000e+09 -9.818763495000000674e+00
5.482320000000000000e+09 -9.793743164000000334e+00
5.482400000000000000e+09 -9.771867803999999325e+00
5.482480000000000000e+09 -9.746982022999999273e+00
5.482560000000000000e+09 -9.734361797000000038e+00
5.482640000000000000e+09 -9.709980252999999450e+00
5.482720000000000000e+09 -9.693310037999999906e+00
5.482800000000000000e+09 -9.677115154999999191e+00
5.482880000000000000e+09 -9.655754005000000362e+00
5.482960000000000000e+09 -9.637800549999999689e+00
5.483040000000000000e+09 -9.622265470000000320e+00
5.483120000000000000e+09 -9.609397528000000577e+00
5.483200000000000000e+09 -9.599225167000000170e+00
5.483280000000000000e+09 -9.580837461999999860e+00
5.483360000000000000e+09 -9.567969898999999501e+00
5.483440000000000000e+09 -9.553820971000000384e+00
5.483520000000000000e+09 -9.541794359000000725e+00
5.483600000000000000e+09 -9.532762364999999960e+00
5.483680000000000000e+09 -9.520654571999999760e+00
5.483760000000000000e+09 -9.513853575000000617e+00
5.483840000000000000e+09 -9.501499768000000401e+00
5.483920000000000000e+09 -9.490710471999999953e+00
5.484000000000000000e+09 -9.479836347999999191e+00
5.484080000000000000e+09 -9.472902528000000544e+00
5.484160000000000000e+09 -9.462272571999999826e+00
5.484240000000000000e+09 -9.453674207000000607e+00
5.484320000000000000e+09 -9.444730871000000860e+00
5.484400000000000000e+09 -9.438666819999999902e+00
5.484480000000000000e+09 -9.433601683999999210e+00
5.484560000000000000e+09 -9.421157133999999544e+00
5.484640000000000000e+09 -9.418974872999999803e+00
5.484720000000000000e+09 -9.409520923000000536e+00
5.484800000000000000e+09 -9.406007189000000324e+00
5.484880000000000000e+09 -9.401510015999999581e+00
5.484960000000000000e+09 -9.393535499000000399e+00
5.485040000000000000e+09 -9.389002736000000127e+00
5.485120000000000000e+09 -9.380898593999999591e+00
5.485200000000000000e+09 -9.378674232999999916e+00
5.485280000000000000e+09 -9.370747893000000772e+00
5.485360000000000000e+09 -9.366328830000000494e+00
5.485440000000000000e+09 -9.359285514999999833e+00
5.485520000000000000e+09 -9.355499604000000247e+00
5.485600000000000000e+09 -9.355312377000000623e+00
5.485680000000000000e+09 -9.349523171999999605e+00
5.485760000000000000e+09 -9.347543931000000583e+00
5.485840000000000000e+09 -9.342606135000000478e+00
5.485920000000000000e+09 -9.336757421999999806e+00
5.486000000000000000e+09 -9.334980638999999414e+00
5.486080000000000000e+09 -9.332500459000000248e+00
5.486160000000000000e+09 -9.329676816999999289e+00
5.486240000000000000e+09 -9.326268286999999546e+00
5.486320000000000000e+09 -9.323269621999999757e+00
5.486400000000000000e+09 -9.318511363000000713e+00
5.486480000000000000e+09 -9.314020539999999571e+00
5.486560000000000000e+09 -9.311451274999999583e+00
5.486640000000000000e+09 -9.310413665000000449e+00
5.486720000000000000e+09 -9.305931912000000139e+00
5.486800000000000000e+09 -9.308308392000000708e+00
5.486880000000000000e+09 -9.304851167000000700e+00
5.486960000000000000e+09 -9.303758990000000395e+00
5.487040000000000000e+09 -9.300166627999999491e+00
5.487120000000000000e+09 -9.297014885999999478e+00
5.487200000000000000e+09 -9.294284252000000635e+00
5.487280000000000000e+09 -9.290042017999999402e+00
5.487360000000000000e+09 -9.288638777999999263e+00
5.487440000000000000e+09 -9.287381926000000121e+00
5.487520000000000000e+09 -9.290357700999999579e+00
5.487600000000000000e+09 -9.286019226000000515e+00
5.487680000000000000e+09 -9.287124177999999119e+00
5.487760000000000000e+09 -9.287218382000000716e+00
5.487840000000000000e+09 -9.284009454999999633e+00
5.487920000000000000e+09 -9.279640171000000493e+00
5.488000000000000000e+09 -9.280214171000000789e+00
5.488080000000000000e+09 -9.277454883000000763e+00
5.488160000000000000e+09 -9.275095065000000361e+00
5.488240000000000000e+09 -9.275872874999999240e+00
5.488320000000000000e+09 -9.274567532000000725e+00
5.488400000000000000e+09 -9.271720328000000677e+00
5.488480000000000000e+09 -9.270257856000000629e+00
5.488560000000000000e+09 -9.271837545000000347e+00
5.488640000000000000e+09 -9.274665945000000633e+00
5.488720000000000000e+09 -9.269066926000000706e+00
5.488800000000000000e+09 -9.268237754999999467e+00
5.488880000000000000e+09 -9.270025705000000116e+00
5.488960000000000000e+09 -9.267728501000000563e+00
5.489040000000000000e+09 -9.266690726000000211e+00
5.489120000000000000e+09 -9.267104401999999297e+00
5.489200000000000000e+09 -9.263504654000000116e+00
5.489280000000000000e+09 -9.264845902999999439e+00
5.489360000000000000e+09 -9.264283262999999380e+00
5.489440000000000000e+09 -9.264172186999999781e+00
5.489520000000000000e+09 -9.262782752999999758e+00
5.489600000000000000e+09 -9.261094066000000069e+00
5.489680000000000000e+09 -9.257475817999999634e+00
5.489760000000000000e+09 -9.261907480999999720e+00
5.489840000000000000e+09 -9.257985446999999368e+00
5.489920000000000000e+09 -9.257853786000000085e+00
5.490000000000000000e+09 -9.256294331999999514e+00
5.490080000000000000e+09 -9.259528755999999916e+00
5.490160000000000000e+09 -9.261108506999999435e+00
5.490240000000000000e+09 -9.258874862000000761e+00
5.490320000000000000e+09 -9.257237935999999223e+00
5.490400000000000000e+09 -9.261044568000000865e+00
5.490480000000000000e+09 -9.258181153000000663e+00
5.490560000000000000e+09 -9.254773798000000440e+00
5.490640000000000000e+09 -9.257239250999999669e+00
5.490720000000000000e+09 -9.258275971999999854e+00
5.490800000000000000e+09 -9.256802983000000040e+00
5.490880000000000000e+09 -9.257895656000000528e+00
5.490960000000000000e+09 -9.258833149000000873e+00
5.491040000000000000e+09 -9.253744528000000358e+00
5.491120000000000000e+09 -9.256096505000000363e+00
5.491200000000000000e+09 -9.258628033999999118e+00
5.491280000000000000e+09 -9.257550159999999195e+00
5.491360000000000000e+09 -9.255980819999999554e+00
5.491440000000000000e+09 -9.253588497000000856e+00
5.491520000000000000e+09 -9.258053449000000157e+00
5.491600000000000000e+09 -9.257423367999999542e+00
5.491680000000000000e+09 -9.256964425999999690e+00
5.491760000000000000e+09 -9.257952434999999980e+00
5.491840000000000000e+09 -9.255401677000000049e+00
5.491920000000000000e+09 -9.257234437999999344e+00
5.492000000000000000e+09 -9.253733094999999409e+00
5.492080000000000000e+09 -9.258222077999999300e+00
5.492160000000000000e+09 -9.255419705999999636e+00
5.492240000000000000e+09 -9.257964841999999805e+00
5.492320000000000000e+09 -9.258266399000000035e+00
5.492400000000000000e+09 -9.260444294999999215e+00
5.492480000000000000e+09 -9.258818478000000241e+00
5.492560000000000000e+09 -9.257183307000000028e+00
5.492640000000000000e+09 -9.255214880000000477e+00
5.492720000000000000e+09 -9.260392044999999683e+00
5.492800000000000000e+09 -9.259811265999999819e+00
5.492880000000000000e+09 -9.261649301000000278e+00
5.492960000000000000e+09 -9.257976509000000576e+00
5.493040000000000000e+09 -9.257169539999999586e+00
5.493120000000000000e+09 -9.257210478999999381e+00
5.493200000000000000e+09 -9.262806794999999482e+00
5.493280000000000000e+09 -9.262679345000000453e+00
5.493360000000000000e+09 -9.263235261000000165e+00
5.493440000000000000e+09 -9.261206480000000241e+00
5.493520000000000000e+09 -9.262230466000000106e+00
5.493600000000000000e+09 -9.262624972999999429e+00
5.493680000000000000e+09 -9.262515193000000480e+00
5.493760000000000000e+09 -9.261691936000000069e+00
5.493840000000000000e+09 -9.260246520999999120e+00
5.493920000000000000e+09 -9.263279590999999868e+00
5.494000000000000000e+09 -9.261723052000000678e+00
5.494080000000000000e+09 -9.263882917000000106e+00
5.494160000000000000e+09 -9.264985054000000275e+00
5.494240000000000000e+09 -9.263223267000000760e+00
5.494320000000000000e+09 -9.269402495999999658e+00
5.494400000000000000e+09 -9.267267012999999665e+00
5.494480000000000000e+09 -9.270525435999999786e+00
5.494560000000000000e+09 -9.268015852999999638e+00
5.494640000000000000e+09 -9.269981224000000353e+00
5.494720000000000000e+09 -9.269176248999999146e+00
5.494800000000000000e+09 -9.269793758000000494e+00
5.494880000000000000e+09 -9.270838142000000559e+00
5.494960000000000000e+09 -9.271377056000000394e+00
5.495040000000000000e+09 -9.270805277999999205e+00
5.495120000000000000e+09 -9.272130252000000183e+00
5.495200000000000000e+09 -9.270110301000000774e+00
5.495280000000000000e+09 -9.274662902999999403e+00
5.495360000000000000e+09 -9.274973855000000711e+00
5.495440000000000000e+09 -9.270868182999999263e+00
5.495520000000000000e+09 -9.275389772000000477e+00
5.495600000000000000e+09 -9.272753036999999310e+00
5.495680000000000000e+09 -9.277163297999999614e+00
5.495760000000000000e+09 -9.275761968999999496e+00
5.495840000000000000e+09 -9.279758468000000704e+00
5.495920000000000000e+09 -9.277747609000000395e+00
5.496000000000000000e+09 -9.276453444999999576e+00
5.496080000000000000e+09 -9.279974374000000026e+00
5.496160000000000000e+09 -9.280526537000000076e+00
5.496240000000000000e+09 -9.279877433999999425e+00
5.496320000000000000e+09 -9.280449808000000189e+00
5.496400000000000000e+09 -9.280864256999999284e+00
5.496480000000000000e+09 -9.282406332000000759e+00
5.496560000000000000e+09 -9.283524454000000148e+00
5.496640000000000000e+09 -9.283471412999999117e+00
5.496720000000000000e+09 -9.288040118999999706e+00
5.496800000000000000e+09 -9.284659090999999975e+00
5.496880000000000000e+09 -9.285957442999999145e+00
5.496960000000000000e+09 -9.288716669999999453e+00
5.497040000000000000e+09 -9.289933734999999970e+00
5.497120000000000000e+09 -9.291839209000000821e+00
5.497200000000000000e+09 -9.289863356999999766e+00
5.497280000000000000e+09 -9.290075048000000280e+00
5.497360000000000000e+09 -9.293471535000000117e+00
5.497440000000000000e+09 -9.293749494000000055e+00
5.497520000000000000e+09 -9.293998501000000800e+00
5.497600000000000000e+09 -9.295771983999999932e+00
5.497680000000000000e+09 -9.296319476000000748e+00
5.497760000000000000e+09 -9.294605039000000346e+00
5.497840000000000000e+09 -9.299411680000000402e+00
5.497920000000000000e+09 -9.297433780000000425e+00
5.498000000000000000e+09 -9.300174912999999322e+00
5.498080000000000000e+09 -9.300178776999999286e+00
5.498160000000000000e+09 -9.300713087000000101e+00
5.498240000000000000e+09 -9.301437398999999218e+00
5.498320000000000000e+09 -9.306588748999999439e+00
5.498400000000000000e+09 -9.301547467000000680e+00
5.498480000000000000e+09 -9.306040587000000031e+00
5.498560000000000000e+09 -9.306225804000000323e+00
5.498640000000000000e+09 -9.308728697999999468e+00
5.498720000000000000e+09 -9.309462019999999782e+00
5.498800000000000000e+09 -9.309963959999999261e+00
5.498880000000000000e+09 -9.309865802999999218e+00
5.498960000000000000e+09 -9.310309055999999472e+00
5.499040000000000000e+09 -9.315918466999999481e+00
5.499120000000000000e+09 -9.309566772000000157e+00
5.499200000000000000e+09 -9.314189554000000371e+00
5.499280000000000000e+09 -9.313566548000000722e+00
5.499360000000000000e+09 -9.314521425000000576e+00
5.499440000000000000e+09 -9.319453753999999535e+00
5.499520000000000000e+09 -9.317944754000000884e+00
5.499600000000000000e+09 -9.320312862999999837e+00
5.499680000000000000e+09 -9.323325459999999509e+00
5.499760000000000000e+09 -9.321758997999999963e+00
5.499840000000000000e+09 -9.324586276999999868e+00
5.499920000000000000e+09 -9.324353636999999750e+00
5.500000000000000000e+09 -9.324557498000000777e+00
5.500080000000000000e+09 -9.325029459999999659e+00
5.500160000000000000e+09 -9.329891786999999326e+00
5.500240000000000000e+09 -9.332230918000000486e+00
5.500320000000000000e+09 -9.326844998000000331e+00
5.500400000000000000e+09 -9.330872945999999502e+00
5.500480000000000000e+09 -9.330590006999999630e+00
5.500560000000000000e+09 -9.328700412999999969e+00
5.500640000000000000e+09 -9.334015953999999837e+00
5.500720000000000000e+09 -9.333130123000000111e+00
5.500800000000000000e+09 -9.336922529000000637e+00
5.500880000000000000e+09 -9.337305146000000278e+00
5.500960000000000000e+09 -9.336438269000000290e+00
5.501040000000000000e+09 -9.339175050999999783e+00
5.501120000000000000e+09 -9.340970084000000284e+00
5.501200000000000000e+09 -9.337313363999999893e+00
5.501280000000000000e+09 -9.344698559999999432e+00
5.501360000000000000e+09 -9.341641615000000343e+00
5.501440000000000000e+09 -9.343529649000000603e+00
5.501520000000000000e+09 -9.345782137000000489e+00
5.501600000000000000e+09 -9.345684139999999474e+00
5.501680000000000000e+09 -9.348493715000000037e+00
5.501760000000000000e+09 -9.348866946999999428e+00
5.501840000000000000e+09 -9.347239799000000460e+00
5.501920000000000000e+09 -9.354710350999999591e+00
5.502000000000000000e+09 -9.355591776000000692e+00
5.502080000000000000e+09 -9.354505729999999630e+00
5.502160000000000000e+09 -9.356708842999999831e+00
5.502240000000000000e+09 -9.355051076000000521e+00
5.502320000000000000e+09 -9.356970420999999760e+00
5.502400000000000000e+09 -9.360834238000000695e+00
5.502480000000000000e+09 -9.359452304999999583e+00
5.502560000000000000e+09 -9.361991499000000161e+00
5.502640000000000000e+09 -9.364055400999999890e+00
5.502720000000000000e+09 -9.361411915999999778e+00
5.502800000000000000e+09 -9.361130584999999726e+00
5.502880000000000000e+09 -9.364562038000000754e+00
5.502960000000000000e+09 -9.370154088999999686e+00
5.503040000000000000e+09 -9.371800733000000605e+00
5.503120000000000000e+09 -9.368573508000000771e+00
5.503200000000000000e+09 -9.367804016999999206e+00
5.503280000000000000e+09 -9.370827130000000338e+00
5.503360000000000000e+09 -9.372667551999999347e+00
5.503440000000000000e+09 -9.373923013000000637e+00
5.503520000000000000e+09 -9.378086259999999896e+00
5.503600000000000000e+09 -9.375552614000000062e+00
5.503680000000000000e+09 -9.372996585999999297e+00
5.503760000000000000e+09 -9.379098580000000851e+00
5.503840000000000000e+09 -9.378605746999999937e+00
5.503920000000000000e+09 -9.379911808999999323e+00
5.504000000000000000e+09 -9.380161793999999276e+00
5.504080000000000000e+09 -9.382967329999999606e+00
5.504160000000000000e+09 -9.387405813999999182e+00
5.504240000000000000e+09 -9.383246470999999644e+00
5.504320000000000000e+09 -9.387293422999999137e+00
5.504400000000000000e+09 -9.389614529999999348e+00
5.504480000000000000e+09 -9.384971150000000151e+00
5.504560000000000000e+09 -9.390909750000000500e+00
5.504640000000000000e+09 -9.389708361000000281e+00
5.504720000000000000e+09 -9.393966259999999124e+00
5.504800000000000000e+09 -9.393715106000000148e+00
5.504880000000000000e+09 -9.395995763000000167e+00
5.504960000000000000e+09 -9.395506728999999169e+00
5.505040000000000000e+09 -9.396118944999999556e+00
5.505120000000000000e+09 -9.396861203000000273e+00
5.505200000000000000e+09 -9.396675048000000530e+00
5.505280000000000000e+09 -9.402116005999999970e+00
5.505360000000000000e+09 -9.403265900999999261e+00
5.505440000000000000e+09 -9.397920348999999618e+00
5.505520000000000000e+09 -9.402967090000000638e+00
5.505600000000000000e+09 -9.401430472999999566e+00
5.505680000000000000e+09 -9.403749985999999339e+00
5.505760000000000000e+09 -9.403624534000000423e+00
5.505840000000000000e+09 -9.402990681000000350e+00
5.505920000000000000e+09 -9.409183819000000781e+00
5.506000000000000000e+09 -9.409349667000000750e+00
5.506080000000000000e+09 -9.414858710000000741e+00
5.506160000000000000e+09 -9.410733313999999794e+00
5.506240000000000000e+09 -9.413263058000000072e+00
5.506320000000000000e+09 -9.411914041999999370e+00
5.506400000000000000e+09 -9.413091810999999254e+00
5.506480000000000000e+09 -9.414977915999999780e+00
5.506560000000000000e+09 -9.417324857000000549e+00
5.506640000000000000e+09 -9.418418705000000557e+00
5.506720000000000000e+09 -9.418077693000000750e+00
5.506800000000000000e+09 -9.421094872999999481e+00
5.506880000000000000e+09 -9.423301818000000551e+00
5.506960000000000000e+09 -9.421622369999999691e+00
5.507040000000000000e+09 -9.421606022000000635e+00
5.507120000000000000e+09 -9.423667664999999971e+00
5.507200000000000000e+09 -9.426899055999999888e+00
5.507280000000000000e+09 -9.426588410000000806e+00
5.507360000000000000e+09 -9.424906347000000295e+00
5.507440000000000000e+09 -9.424917960000000150e+00
5.507520000000000000e+09 -9.428904641999999114e+00
5.507600000000000000e+09 -9.425366404000000031e+00
5.507680000000000000e+09 -9.426914452000000111e+00
5.507760000000000000e+09 -9.428667455999999447e+00
5.507840000000000000e+09 -9.429089279999999462e+00
5.507920000000000000e+09 -9.435901059000000757e+00
5.508000000000000000e+09 -9.434724283999999628e+00
5.508080000000000000e+09 -9.433910603999999367e+00
5.508160000000000000e+09 -9.436146001999999200e+00
5.508240000000000000e+09 -9.433288965999999220e+00
5.508320000000000000e+09 -9.434874403000000243e+00
5.508400000000000000e+09 -9.437965893999999523e+00
5.508480000000000000e+09 -9.440959542999999954e+00
5.508560000000000000e+09 -9.440535647999999114e+00
5.508640000000000000e+09 -9.440894705999999914e+00
5.508720000000000000e+09 -9.438764912999999979e+00
5.508800000000000000e+09 -9.444110699999999525e+00
5.508880000000000000e+09 -9.440427407999999687e+00
5.508960000000000000e+09 -9.446250113999999698e+00
5.509040000000000000e+09 -9.445572500000000815e+00
5.509120000000000000e+09 -9.444514620999999721e+00
5.509200000000000000e+09 -9.442631019000000236e+00
5.509280000000000000e+09 -9.447938769000000292e+00
5.509360000000000000e+09 -9.447032764999999443e+00
5.509440000000000000e+09 -9.448210186000000732e+00
5.509520000000000000e+09 -9.451521192999999599e+00
5.509600000000000000e+09 -9.451722863000000530e+00
5.509680000000000000e+09 -9.450028773999999743e+00
5.509760000000000000e+09 -9.450875383999999713e+00
5.509840000000000000e+09 -9.446178951000000268e+00
5.509920000000000000e+09 -9.453910674999999486e+00
5.510000000000000000e+09 -9.456125014999999578e+00
5.510080000000000000e+09 -9.451889532999999233e+00
5.510160000000000000e+09 -9.453374145999999811e+00
5.510240000000000000e+09 -9.454297356999999735e+00
5.510320000000000000e+09 -9.457499371000000821e+00
5.510400000000000000e+09 -9.454346483000000134e+00
5.510480000000000000e+09 -9.457442337999999893e+00
5.510560000000000000e+09 -9.457045925999999270e+00
5.510640000000000000e+09 -9.459284701999999712e+00
5.510720000000000000e+09 -9.461352996000000459e+00
5.510800000000000000e+09 -9.458246716999999748e+00
5.510880000000000000e+09 -9.457015713000000545e+00
5.510960000000000000e+09 -9.464840632999999670e+00
5.511040000000000000e+09 -9.463144822000000289e+00
5.511120000000000000e+09 -9.458884868000000168e+00
5.511200000000000000e+09 -9.465425083999999600e+00
5.511280000000000000e+09 -9.464379171999999230e+00
5.511360000000000000e+09 -9.460081331999999676e+00
5.511440000000000000e+09 -9.465026135000000451e+00
5.511520000000000000e+09 -9.464109802999999488e+00
5.511600000000000000e+09 -9.463414944000000162e+00
5.511680000000000000e+09 -9.466453181000000328e+00
5.511760000000000000e+09 -9.466143401000000068e+00
5.511840000000000000e+09 -9.470365389999999550e+00
5.511920000000000000e+09 -9.463579960000000568e+00
5.512000000000000000e+09 -9.462747495000000342e+00
5.512080000000000000e+09 -9.466049392000000395e+00
5.512160000000000000e+09 -9.468008904999999586e+00
5.512240000000000000e+09 -9.465943640000000769e+00
5.512320000000000000e+09 -9.469200875000000295e+00
5.512400000000000000e+09 -9.468150297999999410e+00
5.512480000000000000e+09 -9.468586879000000067e+00
5.512560000000000000e+09 -9.469673928000000629e+00
5.512640000000000000e+09 -9.468964532999999406e+00
5.512720000000000000e+09 -9.465603930000000332e+00
5.512800000000000000e+09 -9.470646851999999782e+00
5.512880000000000000e+09 -9.470037960000000865e+00
5.512960000000000000e+09 -9.472921749999999363e+00
5.513040000000000000e+09 -9.469327498000000176e+00
5.513120000000000000e+09 -9.469042536999999982e+00
5.513200000000000000e+09 -9.470116924999999242e+00
5.513280000000000000e+09 -9.472987272999999320e+00
5.513360000000000000e+09 -9.469015057000000013e+00
5.513440000000000000e+09 -9.473471306000000425e+00
5.513520000000000000e+09 -9.473530521000000704e+00
5.513600000000000000e+09 -9.473305523000000505e+00
5.513680000000000000e+09 -9.471408071000000817e+00
5.513760000000000000e+09 -9.471302992000000032e+00
5.513840000000000000e+09 -9.471404180000000395e+00
5.513920000000000000e+09 -9.474202419999999236e+00
5.514000000000000000e+09 -9.472107067999999686e+00
5.514080000000000000e+09 -9.472624585000000152e+00
5.514160000000000000e+09 -9.470057819999999182e+00
5.514240000000000000e+09 -9.472011434000000563e+00
5.514320000000000000e+09 -9.472284136000000743e+00
5.514400000000000000e+09 -9.474915123000000605e+00
5.514480000000000000e+09 -9.470460515999999274e+00
5.514560000000000000e+09 -9.470686265999999520e+00
5.514640000000000000e+09 -9.469540891999999488e+00
5.514720000000000000e+09 -9.471825150000000804e+00
5.514800000000000000e+09 -9.470524369999999692e+00
5.514880000000000000e+09 -9.474110981000000820e+00
5.514960000000000000e+09 -9.471419865999999743e+00
5.515040000000000000e+09 -9.468559302999999261e+00
5.515120000000000000e+09 -9.468716821999999311e+00
5.515200000000000000e+09 -9.474501525999999174e+00
5.515280000000000000e+09 -9.473553706000000574e+00
5.515360000000000000e+09 -9.471155859999999649e+00
5.515440000000000000e+09 -9.474569609999999642e+00
5.515520000000000000e+09 -9.473077883000000199e+00
5.515600000000000000e+09 -9.473323134999999340e+00
5.515680000000000000e+09 -9.472002053000000643e+00
5.515760000000000000e+09 -9.468105075000000426e+00
5.515840000000000000e+09 -9.468457409999999186e+00
5.515920000000000000e+09 -9.474688046000000696e+00
5.516000000000000000e+09 -9.470968559999999314e+00
5.516080000000000000e+09 -9.469384243000000367e+00
5.516160000000000000e+09 -9.470580661999999705e+00
5.516240000000000000e+09 -9.469092097000000763e+00
5.516320000000000000e+09 -9.472951487999999642e+00
5.516400000000000000e+09 -9.468770470999999134e+00
5.516480000000000000e+09 -9.468399890000000596e+00
5.516560000000000000e+09 -9.469700072000000191e+00
5.516640000000000000e+09 -9.470728870000000299e+00
5.516720000000000000e+09 -9.467274691000000075e+00
5.516800000000000000e+09 -9.469543432000000038e+00
5.516880000000000000e+09 -9.467029356999999479e+00
5.516960000000000000e+09 -9.467147913999999886e+00
5.517040000000000000e+09 -9.464392481000000856e+00
5.517120000000000000e+09 -9.465753470999999308e+00
5.517200000000000000e+09 -9.467035390999999578e+00
5.517280000000000000e+09 -9.465790290999999357e+00
5.517360000000000000e+09 -9.469295108000000738e+00
5.517440000000000000e+09 -9.465085803999999214e+00
5.517520000000000000e+09 -9.464810296999999650e+00
5.517600000000000000e+09 -9.465145917999999270e+00
5.517680000000000000e+09 -9.465694025999999539e+00
5.517760000000000000e+09 -9.461798474000000070e+00
5.517840000000000000e+09 -9.464778645999999185e+00
5.517920000000000000e+09 -9.462350745000000174e+00
5.518000000000000000e+09 -9.467659790000000797e+00
5.518080000000000000e+09 -9.465554746000000463e+00
5.518160000000000000e+09 -9.463355832999999606e+00
5.518240000000000000e+09 -9.463047311000000406e+00
5.518320000000000000e+09 -9.464757528999999892e+00
5.518400000000000000e+09 -9.462008154999999476e+00
5.518480000000000000e+09 -9.460519850000000730e+00
5.518560000000000000e+09 -9.460410878999999440e+00
5.518640000000000000e+09 -9.458738208999999841e+00
5.518720000000000000e+09 -9.459422181000000762e+00
5.518800000000000000e+09 -9.460659150999999767e+00
5.518880000000000000e+09 -9.456617827000000531e+00
5.518960000000000000e+09 -9.460850625999999153e+00
5.519040000000000000e+09 -9.458156463999999986e+00
5.519120000000000000e+09 -9.458278058999999516e+00
5.519200000000000000e+09 -9.455287736000000720e+00
5.519280000000000000e+09 -9.457907209000000037e+00
5.519360000000000000e+09 -9.456449637000000408e+00
5.519440000000000000e+09 -9.453175630000000496e+00
5.519520000000000000e+09 -9.456480086999999202e+00
5.519600000000000000e+09 -9.453007799999999961e+00
5.519680000000000000e+09 -9.452912115000000171e+00
5.519760000000000000e+09 -9.451137150999999292e+00
5.519840000000000000e+09 -9.451612166000000315e+00
5.519920000000000000e+09 -9.448965974000000045e+00
5.520000000000000000e+09 -9.450087446999999585e+00
