5.440000000000000000e+09 -9.135556919000000775e+00
5.440080000000000000e+09 -9.143106346999999801e+00
5.440160000000000000e+09 -9.141166961999999785e+00
5.440240000000000000e+09 -9.143613033999999473e+00
5.440320000000000000e+09 -9.145980969000000016e+00
5.440400000000000000e+09 -9.142902382000000827e+00
5.440480000000000000e+09 -9.142828302999999934e+00
5.440560000000000000e+09 -9.146440937999999576e+00
5.440640000000000000e+09 -9.145991119999999697e+00
5.440720000000000000e+09 -9.146345409000000259e+00
5.440800000000000000e+09 -9.147417279000000789e+00
5.440880000000000000e+09 -9.146280775999999335e+00
5.440960000000000000e+09 -9.148509086000000678e+00
5.441040000000000000e+09 -9.147111756999999344e+00
5.441120000000000000e+09 -9.147563235999999876e+00
5.441200000000000000e+09 -9.151564036999999985e+00
5.441280000000000000e+09 -9.147906689999999230e+00
5.441360000000000000e+09 -9.150224213999999634e+00
5.441440000000000000e+09 -9.151160209000000378e+00
5.441520000000000000e+09 -9.151141448000000622e+00
5.441600000000000000e+09 -9.150651316999999452e+00
5.441680000000000000e+09 -9.149833807000000263e+00
5.441760000000000000e+09 -9.155463478999999793e+00
5.441840000000000000e+09 -9.151870389999999134e+00
5.441920000000000000e+09 -9.151380435000000091e+00
5.442000000000000000e+09 -9.152984384999999889e+00
5.442080000000000000e+09 -9.150292685000000148e+00
5.442160000000000000e+09 -9.153161924999999144e+00
5.442240000000000000e+09 -9.151868712000000627e+00
5.442320000000000000e+09 -9.155758988000000542e+00
5.442400000000000000e+09 -9.155487250000000188e+00
5.442480000000000000e+09 -9.154051407000000751e+00
5.442560000000000000e+09 -9.154336494000000712e+00
5.442640000000000000e+09 -9.156357723999999365e+00
5.442720000000000000e+09 -9.154338753999999412e+00
5.442800000000000000e+09 -9.153920685999999307e+00
5.442880000000000000e+09 -9.158008580000000620e+00
5.442960000000000000e+09 -9.154224105999999139e+00
5.443040000000000000e+09 -9.158135843000000165e+00
5.443120000000000000e+09 -9.155335973999999766e+00
5.443200000000000000e+09 -9.158387014000000548e+00
5.443280000000000000e+09 -9.154316701999999140e+00
5.443360000000000000e+09 -9.156496219999999298e+00
5.443440000000000000e+09 -9.152876286999999778e+00
5.443520000000000000e+09 -9.159120573999999237e+00
5.443600000000000000e+09 -9.161410727999999892e+00
5.443680000000000000e+09 -9.158759777000000213e+00
5.443760000000000000e+09 -9.158430609999999916e+00
5.443840000000000000e+09 -9.158616596999999970e+00
5.443920000000000000e+09 -9.162162284000000767e+00
5.444000000000000000e+09 -9.162456637000000015e+00
5.444080000000000000e+09 -9.160990179000000566e+00
5.444160000000000000e+09 -9.162972527000000866e+00
5.444240000000000000e+09 -9.164258058999999790e+00
5.444320000000000000e+09 -9.160049900000000633e+00
5.444400000000000000e+09 -9.164082898000000199e+00
5.444480000000000000e+09 -9.165614528000000760e+00
5.444560000000000000e+09 -9.164415477000000365e+00
5.444640000000000000e+09 -9.166071801999999380e+00
5.444720000000000000e+09 -9.167873628000000608e+00
5.444800000000000000e+09 -9.168975872000000749e+00
5.444880000000000000e+09 -9.169245785999999399e+00
5.444960000000000000e+09 -9.169576273000000555e+00
5.445040000000000000e+09 -9.170185801000000581e+00
5.445120000000000000e+09 -9.171626357999999257e+00
5.445200000000000000e+09 -9.170747897000000037e+00
5.445280000000000000e+09 -9.173640158999999628e+00
5.445360000000000000e+09 -9.171999375000000398e+00
5.445440000000000000e+09 -9.173050505999999160e+00
5.445520000000000000e+09 -9.173422893999999772e+00
5.445600000000000000e+09 -9.176501556999999920e+00
5.445680000000000000e+09 -9.174598708999999630e+00
5.445760000000000000e+09 -9.177520983999999160e+00
5.445840000000000000e+09 -9.177604182999999693e+00
5.445920000000000000e+09 -9.178358661000000751e+00
5.446000000000000000e+09 -9.179643192000000340e+00
5.446080000000000000e+09 -9.178061273999999159e+00
5.446160000000000000e+09 -9.179066929999999402e+00
5.446240000000000000e+09 -9.181013411000000346e+00
5.446320000000000000e+09 -9.182564144000000539e+00
5.446400000000000000e+09 -9.185419743000000636e+00
5.446480000000000000e+09 -9.182499872999999369e+00
5.446560000000000000e+09 -9.187850149999999161e+00
5.446640000000000000e+09 -9.186453837000000178e+00
5.446720000000000000e+09 -9.184878404000000884e+00
5.446800000000000000e+09 -9.187850352999999970e+00
5.446880000000000000e+09 -9.187977486999999499e+00
5.446960000000000000e+09 -9.189738747999999902e+00
5.447040000000000000e+09 -9.187679181000000028e+00
5.447120000000000000e+09 -9.189602088999999197e+00
5.447200000000000000e+09 -9.188370296000000437e+00
5.447280000000000000e+09 -9.194631730999999419e+00
5.447360000000000000e+09 -9.195863301999999351e+00
5.447440000000000000e+09 -9.192525503000000597e+00
5.447520000000000000e+09 -9.192828168000000133e+00
5.447600000000000000e+09 -9.197146239000000278e+00
5.447680000000000000e+09 -9.198408179999999490e+00
5.447760000000000000e+09 -9.196702231999999810e+00
5.447840000000000000e+09 -9.200185009000000136e+00
5.447920000000000000e+09 -9.199285157000000268e+00
5.448000000000000000e+09 -9.201077360999999399e+00
5.448080000000000000e+09 -9.200143374999999679e+00
5.448160000000000000e+09 -9.205125387000000714e+00
5.448240000000000000e+09 -9.201290425999999911e+00
5.448320000000000000e+09 -9.207821650999999719e+00
5.448400000000000000e+09 -9.202556239999999832e+00
5.448480000000000000e+09 -9.205371617000000839e+00
5.448560000000000000e+09 -9.209398888000000838e+00
5.448640000000000000e+09 -9.211328727999999799e+00
5.448720000000000000e+09 -9.211539688000000226e+00
5.448800000000000000e+09 -9.213345743999999726e+00
5.448880000000000000e+09 -9.217694112000000217e+00
5.448960000000000000e+09 -9.214463929000000775e+00
5.449040000000000000e+09 -9.212696990999999613e+00
5.449120000000000000e+09 -9.218359888000000169e+00
5.449200000000000000e+09 -9.222157793999999242e+00
5.449280000000000000e+09 -9.216673829999999512e+00
5.449360000000000000e+09 -9.219996124999999765e+00
5.449440000000000000e+09 -9.225740102999999692e+00
5.449520000000000000e+09 -9.221066342000000304e+00
5.449600000000000000e+09 -9.223454323000000343e+00
5.449680000000000000e+09 -9.226876083000000506e+00
5.449760000000000000e+09 -9.229746649999999164e+00
5.449840000000000000e+09 -9.229040734999999884e+00
5.449920000000000000e+09 -9.231639918999999139e+00
5.450000000000000000e+09 -9.231171564000000274e+00
5.450080000000000000e+09 -9.230766971999999626e+00
5.450160000000000000e+09 -9.230729865000000700e+00
5.450240000000000000e+09 -9.233306959000000091e+00
5.450320000000000000e+09 -9.236938136999999216e+00
5.450400000000000000e+09 -9.235857249000000380e+00
5.450480000000000000e+09 -9.237779358999999246e+00
5.450560000000000000e+09 -9.242537955999999610e+00
5.450640000000000000e+09 -9.243678871000000186e+00
5.450720000000000000e+09 -9.243816759999999633e+00
5.450800000000000000e+09 -9.240309384999999764e+00
5.450880000000000000e+09 -9.243653525999999232e+00
5.450960000000000000e+09 -9.245272995000000549e+00
5.451040000000000000e+09 -9.245714133999999973e+00
5.451120000000000000e+09 -9.249319522000000404e+00
5.451200000000000000e+09 -9.249573184000000836e+00
5.451280000000000000e+09 -9.251254407999999430e+00
5.451360000000000000e+09 -9.255442244999999346e+00
5.451440000000000000e+09 -9.251150766000000303e+00
5.451520000000000000e+09 -9.254388564999999289e+00
5.451600000000000000e+09 -9.257216752999999798e+00
5.451680000000000000e+09 -9.258976800999999313e+00
5.451760000000000000e+09 -9.260598841000000192e+00
5.451840000000000000e+09 -9.261406935000000118e+00
5.451920000000000000e+09 -9.260203012999999928e+00
5.452000000000000000e+09 -9.266305987000000854e+00
5.452080000000000000e+09 -9.264484822000000008e+00
5.452160000000000000e+09 -9.266488087999999124e+00
5.452240000000000000e+09 -9.268875212999999391e+00
5.452320000000000000e+09 -9.271935513000000739e+00
5.452400000000000000e+09 -9.273555790999999715e+00
5.452480000000000000e+09 -9.272679441999999383e+00
5.452560000000000000e+09 -9.271159919000000471e+00
5.452640000000000000e+09 -9.276740232999999947e+00
5.452720000000000000e+09 -9.277752913000000490e+00
5.452800000000000000e+09 -9.277740252999999271e+00
5.452880000000000000e+09 -9.279882579000000575e+00
5.452960000000000000e+09 -9.284246216999999746e+00
5.453040000000000000e+09 -9.282046901999999378e+00
5.453120000000000000e+09 -9.287126740999999797e+00
5.453200000000000000e+09 -9.286725754000000777e+00
5.453280000000000000e+09 -9.284503988999999180e+00
5.453360000000000000e+09 -9.289442854000000693e+00
5.453440000000000000e+09 -9.293436909000000412e+00
5.453520000000000000e+09 -9.291984509000000614e+00
5.453600000000000000e+09 -9.296276900000000509e+00
5.453680000000000000e+09 -9.294890725000000131e+00
5.453760000000000000e+09 -9.293054258999999817e+00
5.453840000000000000e+09 -9.300896919999999568e+00
5.453920000000000000e+09 -9.301550281999999115e+00
5.454000000000000000e+09 -9.302499683000000630e+00
5.454080000000000000e+09 -9.304170486000000295e+00
5.454160000000000000e+09 -9.306054738000000270e+00
5.454240000000000000e+09 -9.304668157000000051e+00
5.454320000000000000e+09 -9.306636575000000633e+00
5.454400000000000000e+09 -9.310148253999999568e+00
5.454480000000000000e+09 -9.315334941999999785e+00
5.454560000000000000e+09 -9.314799736999999524e+00
5.454640000000000000e+09 -9.317768789000000496e+00
5.454720000000000000e+09 -9.318209658000000672e+00
5.454800000000000000e+09 -9.316868099000000569e+00
5.454880000000000000e+09 -9.320574969000000820e+00
5.454960000000000000e+09 -9.320784664999999691e+00
5.455040000000000000e+09 -9.322347543999999431e+00
5.455120000000000000e+09 -9.326910313999999147e+00
5.455200000000000000e+09 -9.327681331000000853e+00
5.455280000000000000e+09 -9.330544839999999951e+00
5.455360000000000000e+09 -9.330609787000000210e+00
5.455440000000000000e+09 -9.333036141999999202e+00
5.455520000000000000e+09 -9.335291571000000843e+00
5.455600000000000000e+09 -9.335886072999999286e+00
5.455680000000000000e+09 -9.339298069999999896e+00
5.455760000000000000e+09 -9.338195849999999965e+00
5.455840000000000000e+09 -9.347592522999999431e+00
5.455920000000000000e+09 -9.346391112999999251e+00
5.456000000000000000e+09 -9.343839906999999556e+00
5.456080000000000000e+09 -9.353655065999999962e+00
5.456160000000000000e+09 -9.351740615000000645e+00
5.456240000000000000e+09 -9.350144733000000485e+00
5.456320000000000000e+09 -9.354784977999999640e+00
5.456400000000000000e+09 -9.357318776999999699e+00
5.456480000000000000e+09 -9.359479569999999526e+00
5.456560000000000000e+09 -9.359625152999999642e+00
5.456640000000000000e+09 -9.362988296999999349e+00
5.456720000000000000e+09 -9.365512610999999765e+00
5.456800000000000000e+09 -9.365037252000000478e+00
5.456880000000000000e+09 -9.366660019999999420e+00
5.456960000000000000e+09 -9.367194814999999508e+00
5.457040000000000000e+09 -9.374454462999999294e+00
5.457120000000000000e+09 -9.375850598999999619e+00
5.457200000000000000e+09 -9.376456920000000750e+00
5.457280000000000000e+09 -9.381356745999999802e+00
5.457360000000000000e+09 -9.383188355999999786e+00
5.457440000000000000e+09 -9.382726086999999993e+00
5.457520000000000000e+09 -9.383625479999999186e+00
5.457600000000000000e+09 -9.386022605999999158e+00
5.457680000000000000e+09 -9.391404225000000494e+00
5.457760000000000000e+09 -9.390347809999999740e+00
5.457840000000000000e+09 -9.395963173000000168e+00
5.457920000000000000e+09 -9.400523536999999763e+00
5.458000000000000000e+09 -9.396380590999999782e+00
5.458080000000000000e+09 -9.402174492000000328e+00
5.458160000000000000e+09 -9.405695484000000661e+00
5.458240000000000000e+09 -9.405318553000000747e+00
5.458320000000000000e+09 -9.405271524999999855e+00
5.458400000000000000e+09 -9.413382634999999610e+00
5.458480000000000000e+09 -9.413808430999999644e+00
5.458560000000000000e+09 -9.412739407000000114e+00
5.458640000000000000e+09 -9.417402657000000232e+00
5.458720000000000000e+09 -9.418267658999999625e+00
5.458800000000000000e+09 -9.417948124000000476e+00
5.458880000000000000e+09 -9.424952773999999422e+00
5.458960000000000000e+09 -9.429211226999999695e+00
5.459040000000000000e+09 -9.431181362000000235e+00
5.459120000000000000e+09 -9.434335504999999955e+00
5.459200000000000000e+09 -9.436615699000000745e+00
5.459280000000000000e+09 -9.437052501000000149e+00
5.459360000000000000e+09 -9.440344763000000583e+00
5.459440000000000000e+09 -9.443429086000000083e+00
5.459520000000000000e+09 -9.445720944999999702e+00
5.459600000000000000e+09 -9.449293293000000205e+00
5.459680000000000000e+09 -9.451633127999999218e+00
5.459760000000000000e+09 -9.456270438000000667e+00
5.459840000000000000e+09 -9.457863743000000767e+00
5.459920000000000000e+09 -9.460683104999999316e+00
5.460000000000000000e+09 -9.461934283999999806e+00
5.460080000000000000e+09 -9.461546065000000283e+00
5.460160000000000000e+09 -9.465382934000000859e+00
5.460240000000000000e+09 -9.469158841000000493e+00
5.460320000000000000e+09 -9.472312551999999997e+00
5.460400000000000000e+09 -9.478016439999999321e+00
5.460480000000000000e+09 -9.478508891000000602e+00
5.460560000000000000e+09 -9.486314350000000672e+00
5.460640000000000000e+09 -9.483919295999999832e+00
5.460720000000000000e+09 -9.486452892999999165e+00
5.460800000000000000e+09 -9.491987468999999678e+00
5.460880000000000000e+09 -9.494217341000000587e+00
5.460960000000000000e+09 -9.497604888999999773e+00
5.461040000000000000e+09 -9.497441177000000678e+00
5.461120000000000000e+09 -9.503113820999999461e+00
5.461200000000000000e+09 -9.502881184999999675e+00
5.461280000000000000e+09 -9.508706721999999445e+00
5.461360000000000000e+09 -9.512333954000000702e+00
5.461440000000000000e+09 -9.512614743000000317e+00
5.461520000000000000e+09 -9.515556908000000647e+00
5.461600000000000000e+09 -9.522685175999999529e+00
5.461680000000000000e+09 -9.524046999999999485e+00
5.461760000000000000e+09 -9.529486927000000662e+00
5.461840000000000000e+09 -9.533421516000000651e+00
5.461920000000000000e+09 -9.534047679000000386e+00
5.462000000000000000e+09 -9.534950976999999384e+00
5.462080000000000000e+09 -9.543661439999999274e+00
5.462160000000000000e+09 -9.543022854000000166e+00
5.462240000000000000e+09 -9.549198250999999971e+00
5.462320000000000000e+09 -9.551963349999999409e+00
5.462400000000000000e+09 -9.552410137000000745e+00
5.462480000000000000e+09 -9.557103168999999454e+00
5.462560000000000000e+09 -9.562375526000000292e+00
5.462640000000000000e+09 -9.566824518000000666e+00
5.462720000000000000e+09 -9.569023901999999637e+00
5.462800000000000000e+09 -9.571460720999999339e+00
5.462880000000000000e+09 -9.579490422999999311e+00
5.462960000000000000e+09 -9.580750738000000766e+00
5.463040000000000000e+09 -9.587214408999999549e+00
5.463120000000000000e+09 -9.587935527000000846e+00
5.463200000000000000e+09 -9.590767872000000693e+00
5.463280000000000000e+09 -9.598064081000000414e+00
5.463360000000000000e+09 -9.594376756999999145e+00
5.463440000000000000e+09 -9.601816028000000003e+00
5.463520000000000000e+09 -9.606420829999999356e+00
5.463600000000000000e+09 -9.610649467000000001e+00
5.463680000000000000e+09 -9.619282278000000019e+00
5.463760000000000000e+09 -9.617893825999999535e+00
5.463840000000000000e+09 -9.624521465000000831e+00
5.463920000000000000e+09 -9.626477296999999211e+00
5.464000000000000000e+09 -9.631971248999999347e+00
5.464080000000000000e+09 -9.635587742000000233e+00
5.464160000000000000e+09 -9.640253329000000093e+00
5.464240000000000000e+09 -9.648777498999999480e+00
5.464320000000000000e+09 -9.651605539000000178e+00
5.464400000000000000e+09 -9.656326335999999344e+00
5.464480000000000000e+09 -9.657800847000000743e+00
5.464560000000000000e+09 -9.663043350000000586e+00
5.464640000000000000e+09 -9.672720720999999244e+00
5.464720000000000000e+09 -9.672732589000000658e+00
5.464800000000000000e+09 -9.676894329999999655e+00
5.464880000000000000e+09 -9.686752458000000843e+00
5.464960000000000000e+09 -9.692016761999999730e+00
5.465040000000000000e+09 -9.690101927000000614e+00
5.465120000000000000e+09 -9.695974881999999795e+00
5.465200000000000000e+09 -9.702317095999999808e+00
5.465280000000000000e+09 -9.710992695999999924e+00
5.465360000000000000e+09 -9.713959682000000484e+00
5.465440000000000000e+09 -9.716085313000000667e+00
5.465520000000000000e+09 -9.721333124999999242e+00
5.465600000000000000e+09 -9.731371841999999717e+00
5.465680000000000000e+09 -9.734252445999999281e+00
5.465760000000000000e+09 -9.743706426999999337e+00
5.465840000000000000e+09 -9.747234334999999916e+00
5.465920000000000000e+09 -9.751844005000000593e+00
5.466000000000000000e+09 -9.756353042000000642e+00
5.466080000000000000e+09 -9.767070984000000067e+00
5.466160000000000000e+09 -9.772096690999999780e+00
5.466240000000000000e+09 -9.780893972999999519e+00
5.466320000000000000e+09 -9.781264048000000599e+00
5.466400000000000000e+09 -9.785836893000000813e+00
5.466480000000000000e+09 -9.798371244000000146e+00
5.466560000000000000e+09 -9.803029663000000227e+00
5.466640000000000000e+09 -9.806239121999999142e+00
5.466720000000000000e+09 -9.814473720000000512e+00
5.466800000000000000e+09 -9.823193306000000291e+00
5.466880000000000000e+09 -9.828740586000000334e+00
5.466960000000000000e+09 -9.838420320999999191e+00
5.467040000000000000e+09 -9.842911902000000879e+00
5.467120000000000000e+09 -9.851847558999999421e+00
5.467200000000000000e+09 -9.861097004999999527e+00
5.467280000000000000e+09 -9.869340111999999721e+00
5.467360000000000000e+09 -9.875335624999999951e+00
5.467440000000000000e+09 -9.880589340000000220e+00
5.467520000000000000e+09 -9.888227243999999416e+00
5.467600000000000000e+09 -9.899249522999999940e+00
5.467680000000000000e+09 -9.906037435000000002e+00
5.467760000000000000e+09 -9.914166125999999579e+00
5.467840000000000000e+09 -9.923154038999999926e+00
5.467920000000000000e+09 -9.929714262999999264e+00
5.468000000000000000e+09 -9.933643334999999297e+00
5.468080000000000000e+09 -9.944973668999999461e+00
5.468160000000000000e+09 -9.956866154000000080e+00
5.468240000000000000e+09 -9.963908351000000607e+00
5.468320000000000000e+09 -9.972733776000000105e+00
5.468400000000000000e+09 -9.981151692999999270e+00
5.468480000000000000e+09 -9.991435316000000455e+00
5.468560000000000000e+09 -1.000113372999999939e+01
5.468640000000000000e+09 -1.001215101000000018e+01
5.468720000000000000e+09 -1.002204979999999956e+01
5.468800000000000000e+09 -1.003047128000000043e+01
5.468880000000000000e+09 -1.004228205999999979e+01
5.468960000000000000e+09 -1.005317447999999914e+01
5.469040000000000000e+09 -1.006284843000000073e+01
5.469120000000000000e+09 -1.007085026999999933e+01
5.469200000000000000e+09 -1.008465634999999949e+01
5.469280000000000000e+09 -1.009754606999999993e+01
5.469360000000000000e+09 -1.010646559000000089e+01
5.469440000000000000e+09 -1.011818054999999994e+01
5.469520000000000000e+09 -1.013157114999999919e+01
5.469600000000000000e+09 -1.014115482000000057e+01
5.469680000000000000e+09 -1.015323440000000055e+01
5.469760000000000000e+09 -1.016571474999999936e+01
5.469840000000000000e+09 -1.018116765999999984e+01
5.469920000000000000e+09 -1.019732557999999933e+01
5.470000000000000000e+09 -1.020896179000000004e+01
5.470080000000000000e+09 -1.021409779999999934e+01
5.470160000000000000e+09 -1.023225071999999969e+01
5.470240000000000000e+09 -1.024243786000000078e+01
5.470320000000000000e+09 -1.025542611000000015e+01
5.470400000000000000e+09 -1.027334688999999912e+01
5.470480000000000000e+09 -1.028838159000000019e+01
5.470560000000000000e+09 -1.030482068000000062e+01
5.470640000000000000e+09 -1.031791969000000009e+01
5.470720000000000000e+09 -1.033081935999999956e+01
5.470800000000000000e+09 -1.035066102999999949e+01
5.470880000000000000e+09 -1.036540061000000001e+01
5.470960000000000000e+09 -1.038263597000000082e+01
5.471040000000000000e+09 -1.039671114000000074e+01
5.471120000000000000e+09 -1.041790474000000088e+01
5.471200000000000000e+09 -1.043466474000000055e+01
5.471280000000000000e+09 -1.045465470999999980e+01
5.471360000000000000e+09 -1.046765534999999936e+01
5.471440000000000000e+09 -1.048668982000000049e+01
5.471520000000000000e+09 -1.050877232000000028e+01
5.471600000000000000e+09 -1.052281941999999937e+01
5.471680000000000000e+09 -1.054494956999999999e+01
5.471760000000000000e+09 -1.056970388999999955e+01
5.471840000000000000e+09 -1.058628986999999988e+01
5.471920000000000000e+09 -1.060873634000000010e+01
5.472000000000000000e+09 -1.062879824999999911e+01
5.472080000000000000e+09 -1.065170750000000055e+01
5.472160000000000000e+09 -1.066983832000000021e+01
5.472240000000000000e+09 -1.069241468999999967e+01
5.472320000000000000e+09 -1.071345428999999960e+01
5.472400000000000000e+09 -1.074173518999999999e+01
5.472480000000000000e+09 -1.075986770999999997e+01
5.472560000000000000e+09 -1.078599522999999927e+01
5.472640000000000000e+09 -1.080817902000000075e+01
5.472720000000000000e+09 -1.083251716000000009e+01
5.472800000000000000e+09 -1.085927758999999959e+01
5.472880000000000000e+09 -1.088563790999999981e+01
5.472960000000000000e+09 -1.090953829999999947e+01
5.473040000000000000e+09 -1.093414115000000031e+01
5.473120000000000000e+09 -1.096331840999999940e+01
5.473200000000000000e+09 -1.098596118999999938e+01
5.473280000000000000e+09 -1.101445885000000047e+01
5.473360000000000000e+09 -1.103961033000000036e+01
5.473440000000000000e+09 -1.107272606000000081e+01
5.473520000000000000e+09 -1.109819526999999972e+01
5.473600000000000000e+09 -1.112389465000000044e+01
5.473680000000000000e+09 -1.115231965999999986e+01
5.473760000000000000e+09 -1.117474215000000015e+01
5.473840000000000000e+09 -1.120520587999999940e+01
5.473920000000000000e+09 -1.123272373000000002e+01
5.474000000000000000e+09 -1.126246858999999922e+01
5.474080000000000000e+09 -1.128894015000000017e+01
5.474160000000000000e+09 -1.131645289000000076e+01
5.474240000000000000e+09 -1.133991104999999955e+01
5.474320000000000000e+09 -1.136799579999999921e+01
5.474400000000000000e+09 -1.139657479999999978e+01
5.474480000000000000e+09 -1.141651423000000065e+01
5.474560000000000000e+09 -1.144727353000000036e+01
5.474640000000000000e+09 -1.147147153000000053e+01
5.474720000000000000e+09 -1.150014501999999972e+01
5.474800000000000000e+09 -1.151633565999999931e+01
5.474880000000000000e+09 -1.154599010999999997e+01
5.474960000000000000e+09 -1.156365549000000037e+01
5.475040000000000000e+09 -1.158106579999999930e+01
5.475120000000000000e+09 -1.160039772999999919e+01
5.475200000000000000e+09 -1.161981807000000089e+01
5.475280000000000000e+09 -1.163358765000000083e+01
5.475360000000000000e+09 -1.164505136999999912e+01
5.475440000000000000e+09 -1.166594556000000082e+01
5.475520000000000000e+09 -1.167403636999999961e+01
5.475600000000000000e+09 -1.168113495999999962e+01
5.475680000000000000e+09 -1.169033220000000028e+01
5.475760000000000000e+09 -1.169402436000000023e+01
5.475840000000000000e+09 -1.169775272999999949e+01
5.475920000000000000e+09 -1.169828945000000076e+01
5.476000000000000000e+09 -1.169952746000000054e+01
5.476080000000000000e+09 -1.169328158999999978e+01
5.476160000000000000e+09 -1.168970934999999933e+01
5.476240000000000000e+09 -1.168216458000000024e+01
5.476320000000000000e+09 -1.167265991000000014e+01
5.476400000000000000e+09 -1.165812908999999920e+01
5.476480000000000000e+09 -1.164883331999999960e+01
5.476560000000000000e+09 -1.163342158999999931e+01
5.476640000000000000e+09 -1.161317900000000058e+01
5.476720000000000000e+09 -1.159426780999999984e+01
5.476800000000000000e+09 -1.156663011999999924e+01
5.476880000000000000e+09 -1.154299437999999967e+01
5.476960000000000000e+09 -1.152212712999999944e+01
5.477040000000000000e+09 -1.149287016999999977e+01
5.477120000000000000e+09 -1.145854536000000046e+01
5.477200000000000000e+09 -1.143496415000000077e+01
5.477280000000000000e+09 -1.140094312999999993e+01
5.477360000000000000e+09 -1.136627365999999917e+01
5.477440000000000000e+09 -1.133183269999999965e+01
5.477520000000000000e+09 -1.129679703999999951e+01
5.477600000000000000e+09 -1.126353119000000014e+01
5.477680000000000000e+09 -1.122136382000000054e+01
5.477760000000000000e+09 -1.118608270000000005e+01
5.477840000000000000e+09 -1.114512810999999992e+01
5.477920000000000000e+09 -1.110790096999999932e+01
5.478000000000000000e+09 -1.106889624000000083e+01
5.478080000000000000e+09 -1.102850416000000067e+01
5.478160000000000000e+09 -1.098862991000000022e+01
5.478240000000000000e+09 -1.094728433000000045e+01
5.478320000000000000e+09 -1.091035826000000064e+01
5.478400000000000000e+09 -1.087047768000000048e+01
5.478480000000000000e+09 -1.083084833000000025e+01
5.478560000000000000e+09 -1.079171541999999917e+01
5.478640000000000000e+09 -1.075066379999999988e+01
5.478720000000000000e+09 -1.071452082000000061e+01
5.478800000000000000e+09 -1.067100463999999960e+01
5.478880000000000000e+09 -1.063984963999999955e+01
5.478960000000000000e+09 -1.060115343999999915e+01
5.479040000000000000e+09 -1.056656905000000002e+01
5.479120000000000000e+09 -1.053271351000000067e+01
5.479200000000000000e+09 -1.049573132999999991e+01
5.479280000000000000e+09 -1.046291942000000041e+01
5.479360000000000000e+09 -1.042928951000000026e+01
5.479440000000000000e+09 -1.039699970999999934e+01
5.479520000000000000e+09 -1.036372053999999920e+01
5.479600000000000000e+09 -1.033258234999999914e+01
5.479680000000000000e+09 -1.030166395000000001e+01
5.479760000000000000e+09 -1.027166556000000064e+01
5.479840000000000000e+09 -1.024036111999999932e+01
5.479920000000000000e+09 -1.021337598000000035e+01
5.480000000000000000e+09 -1.018609679000000057e+01
5.480080000000000000e+09 -1.015633247999999966e+01
5.480160000000000000e+09 -1.013480103000000021e+01
5.480240000000000000e+09 -1.010952383999999959e+01
5.480320000000000000e+09 -1.008421747000000046e+01
5.480400000000000000e+09 -1.006182081999999944e+01
5.480480000000000000e+09 -1.003774993000000038e+01
5.480560000000000000e+09 -1.001681873999999972e+01
5.480640000000000000e+09 -9.994610331000000514e+00
5.480720000000000000e+09 -9.977703375000000818e+00
5.480800000000000000e+09 -9.948846601999999706e+00
5.480880000000000000e+09 -9.930937244000000774e+00
5.480960000000000000e+09 -9.909886741999999415e+00
5.481040000000000000e+09 -9.888450226999999870e+00
5.481120000000000000e+09 -9.874953793999999618e+00
5.481200000000000000e+09 -9.856616444000000143e+00
5.481280000000000000e+09 -9.840539072000000331e+00
5.481360000000000000e+09 -9.824191501999999687e+00
5.481440000000000000e+09 -9.804576557000000747e+00
5.481520000000000000e+09 -9.790601450000000483e+00
5.481600000000000000e+09 -9.773756390999999155e+00
5.481680000000000000e+09 -9.758275603999999603e+00
5.481760000000000000e+09 -9.746468379999999598e+00
5.481840000000000000e+09 -9.732654023000000265e+00
5.481920000000000000e+09 -9.716610117000000102e+00
5.482000000000000000e+09 -9.706156715000000546e+00
5.482080000000000000e+09 -9.690227913999999387e+00
5.482160000000000000e+09 -9.678922058999999578e+00
5.482240000000000000e+09 -9.669716579999999340e+00
5.482320000000000000e+09 -9.656994026999999647e+00
5.482400000000000000e+09 -9.642656896000000089e+00
5.482480000000000000e+09 -9.628722100999999256e+00
5.482560000000000000e+09 -9.622364891000000142e+00
5.482640000000000000e+09 -9.612816103000000112e+00
5.482720000000000000e+09 -9.603213025000000513e+00
5.482800000000000000e+09 -9.592818039999999158e+00
5.482880000000000000e+09 -9.584390317000000437e+00
5.482960000000000000e+09 -9.576942851000000090e+00
5.483040000000000000e+09 -9.567866310999999513e+00
5.483120000000000000e+09 -9.560685134999999946e+00
5.483200000000000000e+09 -9.548580196999999714e+00
5.483280000000000000e+09 -9.542940765000000880e+00
5.483360000000000000e+09 -9.535967825000000175e+00
5.483440000000000000e+09 -9.529959032000000718e+00
5.483520000000000000e+09 -9.522582440000000759e+00
5.483600000000000000e+09 -9.511126961000000435e+00
5.483680000000000000e+09 -9.505533353000000574e+00
5.483760000000000000e+09 -9.498299472999999438e+00
5.483840000000000000e+09 -9.493524812000000423e+00
5.483920000000000000e+09 -9.486300640999999700e+00
5.484000000000000000e+09 -9.481167023999999444e+00
5.484080000000000000e+09 -9.473796217000000297e+00
5.484160000000000000e+09 -9.467489753000000618e+00
5.484240000000000000e+09 -9.462253128000000402e+00
5.484320000000000000e+09 -9.461636458999999277e+00
5.484400000000000000e+09 -9.450087877999999719e+00
5.484480000000000000e+09 -9.445922103999999209e+00
5.484560000000000000e+09 -9.440407459999999418e+00
5.484640000000000000e+09 -9.433779838999999612e+00
5.484720000000000000e+09 -9.431335229000000098e+00
5.484800000000000000e+09 -9.426349437000000719e+00
5.484880000000000000e+09 -9.419575830999999511e+00
5.484960000000000000e+09 -9.419400604999999871e+00
5.485040000000000000e+09 -9.412300718999999205e+00
5.485120000000000000e+09 -9.406821129000000781e+00
5.485200000000000000e+09 -9.404807655000000821e+00
5.485280000000000000e+09 -9.402404005999999370e+00
5.485360000000000000e+09 -9.396585922999999951e+00
5.485440000000000000e+09 -9.395537034000000176e+00
5.485520000000000000e+09 -9.389408716000000155e+00
5.485600000000000000e+09 -9.390869246999999476e+00
5.485680000000000000e+09 -9.383070553999999674e+00
5.485760000000000000e+09 -9.378966466999999696e+00
5.485840000000000000e+09 -9.376825758000000732e+00
5.485920000000000000e+09 -9.372290834999999376e+00
5.486000000000000000e+09 -9.370126566999999795e+00
5.486080000000000000e+09 -9.366949904000000160e+00
5.486160000000000000e+09 -9.364580845000000764e+00
5.486240000000000000e+09 -9.362935839000000371e+00
5.486320000000000000e+09 -9.356886962999999113e+00
5.486400000000000000e+09 -9.356811218000000707e+00
5.486480000000000000e+09 -9.355131824000000762e+00
5.486560000000000000e+09 -9.346812771999999825e+00
5.486640000000000000e+09 -9.350252685999999258e+00
5.486720000000000000e+09 -9.343400764000000081e+00
5.486800000000000000e+09 -9.346691129999999958e+00
5.486880000000000000e+09 -9.345428430000000120e+00
5.486960000000000000e+09 -9.338675302000000400e+00
5.487040000000000000e+09 -9.335923295000000621e+00
5.487120000000000000e+09 -9.337876944999999651e+00
5.487200000000000000e+09 -9.334336514000000307e+00
5.487280000000000000e+09 -9.335481464000000784e+00
5.487360000000000000e+09 -9.331872493000000546e+00
5.487440000000000000e+09 -9.329075174999999831e+00
5.487520000000000000e+09 -9.325785557999999753e+00
5.487600000000000000e+09 -9.324283806000000396e+00
5.487680000000000000e+09 -9.319888089000000875e+00
5.487760000000000000e+09 -9.319581329000000025e+00
5.487840000000000000e+09 -9.316656344000000090e+00
5.487920000000000000e+09 -9.319042875999999254e+00
5.488000000000000000e+09 -9.315366655000000051e+00
5.488080000000000000e+09 -9.315879791000000409e+00
5.488160000000000000e+09 -9.314339735000000786e+00
5.488240000000000000e+09 -9.310525677999999417e+00
5.488320000000000000e+09 -9.310143889000000783e+00
5.488400000000000000e+09 -9.309422170999999580e+00
5.488480000000000000e+09 -9.303916836999999163e+00
5.488560000000000000e+09 -9.306609325000000155e+00
5.488640000000000000e+09 -9.303437115999999563e+00
5.488720000000000000e+09 -9.302915769000000168e+00
5.488800000000000000e+09 -9.300491965999999167e+00
5.488880000000000000e+09 -9.302255532000000215e+00
5.488960000000000000e+09 -9.301045400999999657e+00
5.489040000000000000e+09 -9.301267473999999424e+00
5.489120000000000000e+09 -9.297124665000000121e+00
5.489200000000000000e+09 -9.293896593999999567e+00
5.489280000000000000e+09 -9.294673917000000785e+00
5.489360000000000000e+09 -9.293885469999999316e+00
5.489440000000000000e+09 -9.292371596000000622e+00
5.489520000000000000e+09 -9.293670970000000864e+00
5.489600000000000000e+09 -9.292968373000000781e+00
5.489680000000000000e+09 -9.290835444000000720e+00
5.489760000000000000e+09 -9.291654017999999127e+00
5.489840000000000000e+09 -9.292353654999999435e+00
5.489920000000000000e+09 -9.289046195999999256e+00
5.490000000000000000e+09 -9.287680707999999896e+00
5.490080000000000000e+09 -9.289138938000000678e+00
5.490160000000000000e+09 -9.286949651000000472e+00
5.490240000000000000e+09 -9.288000771000000100e+00
5.490320000000000000e+09 -9.289166328000000306e+00
5.490400000000000000e+09 -9.285032443000000413e+00
5.490480000000000000e+09 -9.287406692999999436e+00
5.490560000000000000e+09 -9.288835219999999282e+00
5.490640000000000000e+09 -9.281009550000000274e+00
5.490720000000000000e+09 -9.283412479000000772e+00
5.490800000000000000e+09 -9.283826313000000496e+00
5.490880000000000000e+09 -9.281421927000000238e+00
5.490960000000000000e+09 -9.279701016000000635e+00
5.491040000000000000e+09 -9.281463125000000147e+00
5.491120000000000000e+09 -9.281394948999999173e+00
5.491200000000000000e+09 -9.280227513999999900e+00
5.491280000000000000e+09 -9.280474023000000017e+00
5.491360000000000000e+09 -9.281675777000000238e+00
5.491440000000000000e+09 -9.280079239000000868e+00
5.491520000000000000e+09 -9.278865339999999406e+00
5.491600000000000000e+09 -9.280517873999999168e+00
5.491680000000000000e+09 -9.279829939000000749e+00
5.491760000000000000e+09 -9.281504607000000462e+00
5.491840000000000000e+09 -9.278007261999999145e+00
5.491920000000000000e+09 -9.280006761999999298e+00
5.492000000000000000e+09 -9.275091610000000486e+00
5.492080000000000000e+09 -9.277781892000000141e+00
5.492160000000000000e+09 -9.278595623999999376e+00
5.492240000000000000e+09 -9.275415130000000730e+00
5.492320000000000000e+09 -9.278088808999999770e+00
5.492400000000000000e+09 -9.275781207999999722e+00
5.492480000000000000e+09 -9.272848596999999415e+00
5.492560000000000000e+09 -9.273921343999999678e+00
5.492640000000000000e+09 -9.276094295000000045e+00
5.492720000000000000e+09 -9.277873094000000265e+00
5.492800000000000000e+09 -9.275344377999999779e+00
5.492880000000000000e+09 -9.276517802000000756e+00
5.492960000000000000e+09 -9.279107761000000565e+00
5.493040000000000000e+09 -9.276982803999999305e+00
5.493120000000000000e+09 -9.275793935999999462e+00
5.493200000000000000e+09 -9.280992419000000382e+00
5.493280000000000000e+09 -9.275372706000000633e+00
5.493360000000000000e+09 -9.274944172999999736e+00
5.493440000000000000e+09 -9.278977328999999941e+00
5.493520000000000000e+09 -9.280661478000000741e+00
5.493600000000000000e+09 -9.276351324000000176e+00
5.493680000000000000e+09 -9.276090097999999173e+00
5.493760000000000000e+09 -9.280883645999999487e+00
5.493840000000000000e+09 -9.277842802000000333e+00
5.493920000000000000e+09 -9.276852231999999532e+00
5.494000000000000000e+09 -9.278147809000000024e+00
5.494080000000000000e+09 -9.278131331000000870e+00
5.494160000000000000e+09 -9.275063057000000555e+00
5.494240000000000000e+09 -9.280595560000000077e+00
5.494320000000000000e+09 -9.279071095000000824e+00
5.494400000000000000e+09 -9.280112607999999597e+00
5.494480000000000000e+09 -9.280604648000000623e+00
5.494560000000000000e+09 -9.281341187000000659e+00
5.494640000000000000e+09 -9.280127850999999595e+00
5.494720000000000000e+09 -9.280940751999999350e+00
5.494800000000000000e+09 -9.279171422999999308e+00
5.494880000000000000e+09 -9.280058405000000121e+00
5.494960000000000000e+09 -9.278701737000000449e+00
5.495040000000000000e+09 -9.283209426999999181e+00
5.495120000000000000e+09 -9.280450886000000565e+00
5.495200000000000000e+09 -9.281659560999999670e+00
5.495280000000000000e+09 -9.280846898000000067e+00
5.495360000000000000e+09 -9.281808093000000426e+00
5.495440000000000000e+09 -9.285319102000000768e+00
5.495520000000000000e+09 -9.286405519000000552e+00
5.495600000000000000e+09 -9.283281311999999730e+00
5.495680000000000000e+09 -9.283124382000000452e+00
5.495760000000000000e+09 -9.287439585999999636e+00
5.495840000000000000e+09 -9.285220568999999813e+00
5.495920000000000000e+09 -9.288462426000000605e+00
5.496000000000000000e+09 -9.287739995000000803e+00
5.496080000000000000e+09 -9.287863261000000037e+00
5.496160000000000000e+09 -9.287367310000000487e+00
5.496240000000000000e+09 -9.288400348999999778e+00
5.496320000000000000e+09 -9.288631576000000223e+00
5.496400000000000000e+09 -9.289746182000000019e+00
5.496480000000000000e+09 -9.289707298999999807e+00
5.496560000000000000e+09 -9.291058985999999464e+00
5.496640000000000000e+09 -9.291144405000000717e+00
5.496720000000000000e+09 -9.290636515999999290e+00
5.496800000000000000e+09 -9.292184215000000691e+00
5.496880000000000000e+09 -9.295274731999999318e+00
5.496960000000000000e+09 -9.293586758000000003e+00
5.497040000000000000e+09 -9.293600694000000217e+00
5.497120000000000000e+09 -9.294038252000000000e+00
5.497200000000000000e+09 -9.294805797000000425e+00
5.497280000000000000e+09 -9.296418805000000063e+00
5.497360000000000000e+09 -9.296369047000000663e+00
5.497440000000000000e+09 -9.293085393000000138e+00
5.497520000000000000e+09 -9.298590035000000142e+00
5.497600000000000000e+09 -9.301417033999999973e+00
5.497680000000000000e+09 -9.300487607999999184e+00
5.497760000000000000e+09 -9.300491121000000305e+00
5.497840000000000000e+09 -9.299738277999999525e+00
5.497920000000000000e+09 -9.302751589999999737e+00
5.498000000000000000e+09 -9.300398855999999270e+00
5.498080000000000000e+09 -9.303132044999999906e+00
5.498160000000000000e+09 -9.302903473000000645e+00
5.498240000000000000e+09 -9.305794595000000058e+00
5.498320000000000000e+09 -9.304701879999999647e+00
5.498400000000000000e+09 -9.304753790999999552e+00
5.498480000000000000e+09 -9.309932336999999336e+00
5.498560000000000000e+09 -9.309006334999999410e+00
5.498640000000000000e+09 -9.310662815000000592e+00
5.498720000000000000e+09 -9.309092436000000248e+00
5.498800000000000000e+09 -9.307908552000000668e+00
5.498880000000000000e+09 -9.313683345999999474e+00
5.498960000000000000e+09 -9.310226331000000854e+00
5.499040000000000000e+09 -9.309438386000000065e+00
5.499120000000000000e+09 -9.313475352999999402e+00
5.499200000000000000e+09 -9.314154838000000325e+00
5.499280000000000000e+09 -9.314351085000000197e+00
5.499360000000000000e+09 -9.317572274999999848e+00
5.499440000000000000e+09 -9.317064482999999342e+00
5.499520000000000000e+09 -9.318033895999999316e+00
5.499600000000000000e+09 -9.320054279000000719e+00
5.499680000000000000e+09 -9.318657694000000546e+00
5.499760000000000000e+09 -9.321004169000000061e+00
5.499840000000000000e+09 -9.322946519000000265e+00
5.499920000000000000e+09 -9.322384791999999365e+00
5.500000000000000000e+09 -9.324777988999999323e+00
5.500080000000000000e+09 -9.322502575999999763e+00
5.500160000000000000e+09 -9.325949624999999799e+00
5.500240000000000000e+09 -9.325410449999999685e+00
5.500320000000000000e+09 -9.327730665000000698e+00
5.500400000000000000e+09 -9.327374746000000272e+00
5.500480000000000000e+09 -9.328398413000000389e+00
5.500560000000000000e+09 -9.326460702000000325e+00
5.500640000000000000e+09 -9.330036482000000575e+00
5.500720000000000000e+09 -9.329264441999999491e+00
5.500800000000000000e+09 -9.334660408999999603e+00
5.500880000000000000e+09 -9.333556925999999976e+00
5.500960000000000000e+09 -9.334218833999999632e+00
5.501040000000000000e+09 -9.335370033000000234e+00
5.501120000000000000e+09 -9.331660220999999922e+00
5.501200000000000000e+09 -9.333854576000000236e+00
5.501280000000000000e+09 -9.336812057999999581e+00
5.501360000000000000e+09 -9.336370056999999889e+00
5.501440000000000000e+09 -9.340411480000000211e+00
5.501520000000000000e+09 -9.339138983999999866e+00
5.501600000000000000e+09 -9.341594944000000567e+00
5.501680000000000000e+09 -9.343424858000000555e+00
5.501760000000000000e+09 -9.345786078999999802e+00
5.501840000000000000e+09 -9.345566157000000374e+00
5.501920000000000000e+09 -9.346701514999999461e+00
5.502000000000000000e+09 -9.345676534000000757e+00
5.502080000000000000e+09 -9.343835837000000311e+00
5.502160000000000000e+09 -9.346429131000000723e+00
5.502240000000000000e+09 -9.349783923000000385e+00
5.502320000000000000e+09 -9.353516279000000821e+00
5.502400000000000000e+09 -9.350219213000000806e+00
5.502480000000000000e+09 -9.351800321000000693e+00
5.502560000000000000e+09 -9.353189272999999915e+00
5.502640000000000000e+09 -9.351889354000000765e+00
5.502720000000000000e+09 -9.358554092000000324e+00
5.502800000000000000e+09 -9.354578656999999353e+00
5.502880000000000000e+09 -9.356699345999999196e+00
5.502960000000000000e+09 -9.359639467999999241e+00
5.503040000000000000e+09 -9.360388289999999500e+00
5.503120000000000000e+09 -9.361286749999999657e+00
5.503200000000000000e+09 -9.364922918999999624e+00
5.503280000000000000e+09 -9.363183753999999581e+00
5.503360000000000000e+09 -9.362670867000000285e+00
5.503440000000000000e+09 -9.365169143999999335e+00
5.503520000000000000e+09 -9.368058094000000224e+00
5.503600000000000000e+09 -9.369842400999999654e+00
5.503680000000000000e+09 -9.369442306999999914e+00
5.503760000000000000e+09 -9.370016552999999249e+00
5.503840000000000000e+09 -9.371138791999999995e+00
5.503920000000000000e+09 -9.369011516000000483e+00
5.504000000000000000e+09 -9.370402341000000135e+00
5.504080000000000000e+09 -9.372305210000000386e+00
5.504160000000000000e+09 -9.374760893999999567e+00
5.504240000000000000e+09 -9.376490378999999820e+00
5.504320000000000000e+09 -9.373267365000000240e+00
5.504400000000000000e+09 -9.379915578000000309e+00
5.504480000000000000e+09 -9.376816636999999233e+00
5.504560000000000000e+09 -9.378354374000000604e+00
5.504640000000000000e+09 -9.380654696000000570e+00
5.504720000000000000e+09 -9.377086558000000238e+00
5.504800000000000000e+09 -9.380904069999999706e+00
5.504880000000000000e+09 -9.382521066000000687e+00
5.504960000000000000e+09 -9.383785186000000778e+00
5.505040000000000000e+09 -9.382103039000000422e+00
5.505120000000000000e+09 -9.388406116000000523e+00
5.505200000000000000e+09 -9.390402071000000461e+00
5.505280000000000000e+09 -9.391834104999999155e+00
5.505360000000000000e+09 -9.392236395999999488e+00
5.505440000000000000e+09 -9.390149778999999697e+00
5.505520000000000000e+09 -9.388715384999999358e+00
5.505600000000000000e+09 -9.389797395000000435e+00
5.505680000000000000e+09 -9.393142183000000145e+00
5.505760000000000000e+09 -9.399287070999999827e+00
5.505840000000000000e+09 -9.394583799999999485e+00
5.505920000000000000e+09 -9.394502968999999482e+00
5.506000000000000000e+09 -9.396781740999999855e+00
5.506080000000000000e+09 -9.397655665000000269e+00
5.506160000000000000e+09 -9.398756440999999739e+00
5.506240000000000000e+09 -9.399117695999999356e+00
5.506320000000000000e+09 -9.403070552999999165e+00
5.506400000000000000e+09 -9.403179011000000642e+00
5.506480000000000000e+09 -9.405893759999999659e+00
5.506560000000000000e+09 -9.403981119999999194e+00
5.506640000000000000e+09 -9.408002718000000542e+00
5.506720000000000000e+09 -9.406342339000000052e+00
5.506800000000000000e+09 -9.404547558000000862e+00
5.506880000000000000e+09 -9.406091011999999196e+00
5.506960000000000000e+09 -9.405090302999999707e+00
5.507040000000000000e+09 -9.407543167000000039e+00
5.507120000000000000e+09 -9.410480944999999764e+00
5.507200000000000000e+09 -9.406979964999999666e+00
5.507280000000000000e+09 -9.412545452999999895e+00
5.507360000000000000e+09 -9.412598875000000476e+00
5.507440000000000000e+09 -9.414563712999999723e+00
5.507520000000000000e+09 -9.415272534999999721e+00
5.507600000000000000e+09 -9.411717152999999669e+00
5.507680000000000000e+09 -9.416160486000000773e+00
5.507760000000000000e+09 -9.416622000000000270e+00
5.507840000000000000e+09 -9.422147526999999911e+00
5.507920000000000000e+09 -9.420671967000000535e+00
5.508000000000000000e+09 -9.417887264999999175e+00
5.508080000000000000e+09 -9.420681955999999246e+00
5.508160000000000000e+09 -9.422345284000000376e+00
5.508240000000000000e+09 -9.421164088999999464e+00
5.508320000000000000e+09 -9.420024858999999751e+00
5.508400000000000000e+09 -9.422997528999999872e+00
5.508480000000000000e+09 -9.421369256000000192e+00
5.508560000000000000e+09 -9.424908777000000626e+00
5.508640000000000000e+09 -9.424787843000000720e+00
5.508720000000000000e+09 -9.424918291999999198e+00
5.508800000000000000e+09 -9.427808793000000520e+00
5.508880000000000000e+09 -9.429860260999999966e+00
5.508960000000000000e+09 -9.426727935000000613e+00
5.509040000000000000e+09 -9.431081087000000807e+00
5.509120000000000000e+09 -9.429824689000000149e+00
5.509200000000000000e+09 -9.430877104000000344e+00
5.509280000000000000e+09 -9.429468811999999645e+00
5.509360000000000000e+09 -9.429907683999999790e+00
5.509440000000000000e+09 -9.435393889000000200e+00
5.509520000000000000e+09 -9.429507758999999822e+00
5.509600000000000000e+09 -9.435719302000000752e+00
5.509680000000000000e+09 -9.434675546999999440e+00
5.509760000000000000e+09 -9.436502593000000161e+00
5.509840000000000000e+09 -9.431862888999999583e+00
5.509920000000000000e+09 -9.435642210999999335e+00
5.510000000000000000e+09 -9.439360546999999713e+00
5.510080000000000000e+09 -9.436637446000000651e+00
5.510160000000000000e+09 -9.437612664999999623e+00
5.510240000000000000e+09 -9.439524352999999479e+00
5.510320000000000000e+09 -9.440731080999999136e+00
5.510400000000000000e+09 -9.439129125999999204e+00
5.510480000000000000e+09 -9.440059771999999683e+00
5.510560000000000000e+09 -9.441017186999999922e+00
5.510640000000000000e+09 -9.438259075999999581e+00
5.510720000000000000e+09 -9.440685071000000761e+00
5.510800000000000000e+09 -9.441198101999999537e+00
5.510880000000000000e+09 -9.439396227999999667e+00
5.510960000000000000e+09 -9.444442300000000401e+00
5.511040000000000000e+09 -9.447435618000000090e+00
5.511120000000000000e+09 -9.445039157000000074e+00
5.511200000000000000e+09 -9.446035240000000499e+00
5.511280000000000000e+09 -9.444755665000000633e+00
5.511360000000000000e+09 -9.447951498000000115e+00
5.511440000000000000e+09 -9.446794456999999312e+00
5.511520000000000000e+09 -9.448639163999999369e+00
5.511600000000000000e+09 -9.452439745999999587e+00
5.511680000000000000e+09 -9.450496556999999243e+00
5.511760000000000000e+09 -9.448994667999999209e+00
5.511840000000000000e+09 -9.449477634999999154e+00
5.511920000000000000e+09 -9.448692370999999923e+00
5.512000000000000000e+09 -9.451680889000000363e+00
5.512080000000000000e+09 -9.453100156999999726e+00
5.512160000000000000e+09 -9.448235026000000758e+00
5.512240000000000000e+09 -9.448294457999999452e+00
5.512320000000000000e+09 -9.450579578999999342e+00
5.512400000000000000e+09 -9.451204384000000402e+00
5.512480000000000000e+09 -9.455425891000000860e+00
5.512560000000000000e+09 -9.453952821999999756e+00
5.512640000000000000e+09 -9.450194707999999721e+00
5.512720000000000000e+09 -9.455938835999999625e+00
5.512800000000000000e+09 -9.451236792999999636e+00
5.512880000000000000e+09 -9.450540927000000480e+00
5.512960000000000000e+09 -9.447962736999999223e+00
5.513040000000000000e+09 -9.451124867000000762e+00
5.513120000000000000e+09 -9.453972495000000364e+00
5.513200000000000000e+09 -9.452299111000000309e+00
5.513280000000000000e+09 -9.454711162000000613e+00
5.513360000000000000e+09 -9.451795849999999888e+00
5.513440000000000000e+09 -9.453027521999999294e+00
5.513520000000000000e+09 -9.455414770999999163e+00
5.513600000000000000e+09 -9.453842092000000363e+00
5.513680000000000000e+09 -9.452871855999999795e+00
5.513760000000000000e+09 -9.454781123000000065e+00
5.513840000000000000e+09 -9.456858559000000497e+00
5.513920000000000000e+09 -9.449222425000000314e+00
5.514000000000000000e+09 -9.455444881000000024e+00
5.514080000000000000e+09 -9.452890849999999290e+00
5.514160000000000000e+09 -9.452559597000000480e+00
5.514240000000000000e+09 -9.452146688999999213e+00
5.514320000000000000e+09 -9.452991731999999203e+00
5.514400000000000000e+09 -9.454876966000000493e+00
5.514480000000000000e+09 -9.450191341000000023e+00
5.514560000000000000e+09 -9.454566330000000463e+00
5.514640000000000000e+09 -9.451824014999999690e+00
5.514720000000000000e+09 -9.451247663000000188e+00
5.514800000000000000e+09 -9.451893481000000818e+00
5.514880000000000000e+09 -9.451630075000000630e+00
5.514960000000000000e+09 -9.452390700000000479e+00
5.515040000000000000e+09 -9.453446749999999454e+00
5.515120000000000000e+09 -9.453621994000000583e+00
5.515200000000000000e+09 -9.451895847999999489e+00
5.515280000000000000e+09 -9.453019254000000871e+00
5.515360000000000000e+09 -9.449716859000000468e+00
5.515440000000000000e+09 -9.453781664999999279e+00
5.515520000000000000e+09 -9.450398678000000885e+00
5.515600000000000000e+09 -9.454438153999999983e+00
5.515680000000000000e+09 -9.451079541000000361e+00
5.515760000000000000e+09 -9.454671297000000862e+00
5.515840000000000000e+09 -9.453359015000000198e+00
5.515920000000000000e+09 -9.454692169999999507e+00
5.516000000000000000e+09 -9.451145378999999735e+00
5.516080000000000000e+09 -9.450668387000000337e+00
5.516160000000000000e+09 -9.451671422000000433e+00
5.516240000000000000e+09 -9.451200464999999440e+00
5.516320000000000000e+09 -9.449742921000000351e+00
5.516400000000000000e+09 -9.447370639000000736e+00
5.516480000000000000e+09 -9.448918702000000280e+00
5.516560000000000000e+09 -9.446361877999999379e+00
5.516640000000000000e+09 -9.449215124000000188e+00
5.516720000000000000e+09 -9.449628586999999413e+00
5.516800000000000000e+09 -9.448868772000000860e+00
5.516880000000000000e+09 -9.449318596999999542e+00
5.516960000000000000e+09 -9.449811499999999143e+00
5.517040000000000000e+09 -9.449341083000000197e+00
5.517120000000000000e+09 -9.445382220999999134e+00
5.517200000000000000e+09 -9.447076373999999888e+00
5.517280000000000000e+09 -9.445199774000000659e+00
5.517360000000000000e+09 -9.444076835000000614e+00
5.517440000000000000e+09 -9.443626642999999987e+00
5.517520000000000000e+09 -9.442936293000000703e+00
5.517600000000000000e+09 -9.445114391000000609e+00
5.517680000000000000e+09 -9.442617270999999590e+00
5.517760000000000000e+09 -9.443086385999999166e+00
5.517840000000000000e+09 -9.443143242999999742e+00
5.517920000000000000e+09 -9.440397132999999386e+00
5.518000000000000000e+09 -9.444547654000000847e+00
5.518080000000000000e+09 -9.440973231999999271e+00
5.518160000000000000e+09 -9.444211589000000018e+00
5.518240000000000000e+09 -9.439410291999999814e+00
5.518320000000000000e+09 -9.438934511999999444e+00
5.518400000000000000e+09 -9.440314395999999775e+00
5.518480000000000000e+09 -9.440681357000000773e+00
5.518560000000000000e+09 -9.438464197000000055e+00
5.518640000000000000e+09 -9.436988527000000460e+00
5.518720000000000000e+09 -9.435304174000000543e+00
5.518800000000000000e+09 -9.434863818000000180e+00
5.518880000000000000e+09 -9.439528356000000286e+00
5.518960000000000000e+09 -9.437775863000000598e+00
5.519040000000000000e+09 -9.435538432999999614e+00
5.519120000000000000e+09 -9.436866434000000581e+00
5.519200000000000000e+09 -9.435768165000000707e+00
5.519280000000000000e+09 -9.435563760999999161e+00
5.519360000000000000e+09 -9.432388266000000243e+00
5.519440000000000000e+09 -9.435390271999999356e+00
5.519520000000000000e+09 -9.431139791999999744e+00
5.519600000000000000e+09 -9.433147531999999558e+00
5.519680000000000000e+09 -9.433674020999999854e+00
5.519760000000000000e+09 -9.430228591000000549e+00
5.519840000000000000e+09 -9.430239295999999882e+00
5.519920000000000000e+09 -9.432480007000000555e+00
5.520000000000000000e+09 -9.429275368000000768e+00
